3.55271367880050e-15
8.45104890923465e-03
1.56628687726177e-02
2.15355203112094e-02
2.59778980177088e-02
2.89082925648116e-02
3.02549060822075e-02
2.99563176662709e-02
2.79618967096482e-02
2.42321618720620e-02
1.87390837589296e-02
1.14663296279955e-02
2.40944870660442e-03
-8.42400302815660e-03
-2.10143994793550e-02
-3.53300430623911e-02
-5.13272256485946e-02
-6.89503518427506e-02
-8.81321243303761e-02
-1.08793790743096e-01
-1.30845451205032e-01
-1.54186425439767e-01
-1.78705678038201e-01
-2.04282300213451e-01
-2.30786046100641e-01
-2.58077921399120e-01
-2.86010821902451e-01
-3.14430219219249e-01
-3.43174890756440e-01
-3.72077690816753e-01
-4.00966359455584e-01
-4.29664365548984e-01
-4.57991780346496e-01
-4.85766177619304e-01
-5.12803556367833e-01
-5.38919281923064e-01
-5.63929041164094e-01
-5.87649807480268e-01
-6.09900811031540e-01
-6.30504509804301e-01
-6.49287556923466e-01
-6.66081759664827e-01
-6.80725025614426e-01
-6.93062291444817e-01
-7.02946429820901e-01
-7.10239130010970e-01
-7.14811747860916e-01
-7.16546120891937e-01
-7.15335344403013e-01
-7.11084504599705e-01
-7.03711364928957e-01
-6.93147001975621e-01
-6.79336387469652e-01
-6.62238913162321e-01
-6.41828855554692e-01
-6.18095777701543e-01
-5.91044865567492e-01
-5.60697196678066e-01
-5.27089939087023e-01
-4.90276478969560e-01
-4.50326475449596e-01
-4.07325841575599e-01
-3.61376650673212e-01
-3.12596967622298e-01
-2.61120604929766e-01
-2.07096803796780e-01
-1.50689840707513e-01
-9.20785603960459e-02
-3.14558363762245e-02
3.09720394549444e-02
9.49860363073034e-02
1.60355130930943e-01
2.26837118532561e-01
2.94179485411088e-01
3.62120340255599e-01
4.30389400765169e-01
4.98709031978766e-01
5.66795332444611e-01
6.34359264113940e-01
7.01107821614883e-01
7.66745236348680e-01
8.30974210655196e-01
8.93497177116823e-01
9.54017577911571e-01
1.01224115898719e+00
1.06787727371117e+00
1.12064019055374e+00
1.17025039928713e+00
1.21643591013139e+00
1.25893354024752e+00
1.29749018197224e+00
1.33186404720474e+00
1.36182588239626e+00
1.38716014865632e+00
1.40766616157602e+00
1.42315918547887e+00
1.43347147694198e+00
1.43845327258575e+00
1.43797371630743e+00
1.43192172133268e+00
1.42020676267912e+00
1.40275959586528e+00
1.37953289795839e+00
1.35050182733116e+00
1.31566449879393e+00
1.27504237107931e+00
1.22868054398426e+00
1.17664796281482e+00
1.11903752813352e+00
1.05596610917421e+00
9.87574459665247e-01
9.14027035186242e-01
8.35511711574785e-01
7.52239404297739e-01
6.64443589102208e-01
5.72379724666462e-01
4.76324578375177e-01
3.76575456748757e-01
2.73449342458056e-01
1.67281940254625e-01
5.84266345389977e-02
-5.27466383241977e-02
-1.65852599459418e-01
-2.80491914849179e-01
-3.96252556412503e-01
-5.12711232244693e-01
-6.29434881143811e-01
-7.45982226239527e-01
-8.61905382246909e-01
-9.76751510594941e-01
-1.09006451642573e+00
-1.20138678122914e+00
-1.31026092466785e+00
-1.41623158896259e+00
-1.51884723904591e+00
-1.61766197155719e+00
-1.71223732564162e+00
-1.80214408843361e+00
-1.88696408804870e+00
-1.96629196688107e+00
-2.03973692800374e+00
-2.10692444749729e+00
-2.16749794559067e+00
-2.22112040958322e+00
-2.26747596163150e+00
-2.30627136462732e+00
-2.33723745956379e+00
-2.36013052798445e+00
-2.37473357333586e+00
-2.38085751529533e+00
-2.37834229142273e+00
-2.36705786078726e+00
-2.34690510454561e+00
-2.31781661879669e+00
-2.27975739540763e+00
-2.23272538689631e+00
-2.17675195186531e+00
-2.11190217790820e+00
-2.03827507935282e+00
-1.95600366766298e+00
-1.86525489279057e+00
-1.76622945425088e+00
-1.65916148118523e+00
-1.54431808117262e+00
-1.42199875805569e+00
-1.29253469955485e+00
-1.15628793595280e+00
-1.01365037164109e+00
-8.65042691828270e-01
-7.10913147211325e-01
-5.51736219909721e-01
-3.88011174450597e-01
-2.20260498071754e-01
-4.90282350779818e-02
1.25121779562258e-01
3.01607781753255e-01
4.79832028896050e-01
6.59182833152560e-01
8.39036670522709e-01
1.01876035854984e+00
1.19771329513603e+00
1.37524975064109e+00
1.55072120515921e+00
1.72347872261310e+00
1.89287535308431e+00
2.05826855460491e+00
2.21902262547565e+00
2.37451113804790e+00
2.52411936481112e+00
2.66724668756762e+00
2.80330898044926e+00
2.93174095753971e+00
3.05199847590960e+00
3.16356078495007e+00
3.26593271300505e+00
3.35864678245183e+00
3.44126524456296e+00
3.51338202570195e+00
3.57462457665714e+00
3.62465561720412e+00
3.66317476830537e+00
3.68992006470518e+00
3.70466934105876e+00
3.70724148514316e+00
3.69749755213582e+00
3.67534173441019e+00
3.64072218178722e+00
3.59363166769383e+00
3.53410809721396e+00
3.46223485357152e+00
3.37814098015668e+00
3.28200119579501e+00
3.17403574156025e+00
3.05451005804537e+00
2.92373429262914e+00
2.78206263690580e+00
2.62989249508037e+00
2.46766348476946e+00
2.29585627228587e+00
2.11499124512039e+00
1.92562702496512e+00
1.72835882524753e+00
1.52381665775768e+00
1.31266339355569e+00
1.09559268393356e+00
8.73326747778916e-01
6.46614032241717e-01
4.16226754136820e-01
1.82958330026344e-01
-5.23792965913832e-02
-2.88958422101312e-01
-5.25938434286737e-01
-7.62468738830163e-01
-9.97691750725720e-01
-1.23074594019850e+00
-1.46076892243249e+00
-1.68690058015079e+00
-1.90828620787426e+00
-2.12407966650478e+00
-2.33344653674145e+00
-2.53556725974069e+00
-2.72964025337641e+00
-2.91488499244414e+00
-3.09054504118365e+00
-3.25589102656856e+00
-3.41022354092905e+00
-3.55287596263409e+00
-3.68321718376318e+00
-3.80065423394417e+00
-3.90463478982111e+00
-3.99464955994649e+00
-4.07023453526122e+00
-4.13097309573537e+00
-4.17649796418976e+00
-4.20649299880259e+00
-4.22069481632458e+00
-4.21889423857939e+00
-4.20093755541020e+00
-4.16672759784904e+00
-4.11622461592733e+00
-4.04944695621489e+00
-3.96647153486691e+00
-3.86743410267055e+00
-3.75252929931565e+00
-3.62201049486109e+00
-3.47618941712983e+00
-3.31543556453806e+00
-3.14017540464360e+00
-2.95089135948413e+00
-2.74812057956400e+00
-2.53245350913457e+00
-2.30453224619796e+00
-2.06504870144059e+00
-1.81474256107179e+00
-1.55439905929855e+00
-1.28484656690854e+00
-1.00695400315751e+00
-7.21628078858695e-01
-4.29810379252844e-01
-1.32474295889088e-01
1.69378182626584e-01
4.74719810566436e-01
7.82501544689495e-01
1.09165611198956e+00
1.40110167356226e+00
1.70974557212477e+00
2.01648815031717e+00
2.32022662655425e+00
2.61985901488151e+00
2.91428807502101e+00
3.20242527857338e+00
3.48319477717135e+00
3.75553735826070e+00
4.01841437411577e+00
4.27081162967979e+00
4.51174321485619e+00
4.74025526696464e+00
4.95542964921653e+00
5.15638753125820e+00
5.34229285807513e+00
5.51235569384780e+00
5.66583542769805e+00
5.80204382866281e+00
5.92034793767945e+00
6.02017278486199e+00
6.10100392088832e+00
6.16238975190498e+00
6.20394366798435e+00
6.22534595583882e+00
6.22634548720491e+00
6.20676117505479e+00
6.16648319057182e+00
6.10547393463626e+00
6.02376875840653e+00
5.92147642844613e+00
5.79877933273314e+00
5.65593342479757e+00
5.49326790415496e+00
5.31118463214282e+00
5.11015728321351e+00
4.89073023269158e+00
4.65351718296223e+00
4.39919953101334e+00
4.12852448120965e+00
3.84230290812288e+00
3.54140697517951e+00
3.22676751580871e+00
2.89937118468008e+00
2.56025738750292e+00
2.21051499871977e+00
1.85127887725980e+00
1.48372619131811e+00
1.10907256389640e+00
7.28568051570805e-01
3.43492969644200e-01
-4.48464225101510e-02
-4.35122361504037e-01
-8.25990130422008e-01
-1.21609270426878e+00
-1.60406547445007e+00
-1.98854103596013e+00
-2.36815402060606e+00
-2.74154595931186e+00
-3.10737015631895e+00
-3.46429655793190e+00
-3.81101659835361e+00
-4.14624800510948e+00
-4.46873954658019e+00
-4.77727570424391e+00
-5.07068125237501e+00
-5.34782572815419e+00
-5.60762777541630e+00
-5.84905934559505e+00
-6.07114973981968e+00
-6.27298947657258e+00
-6.45373396983208e+00
-6.61260700319702e+00
-6.74890398611681e+00
-6.86199497903457e+00
-6.95132747498444e+00
-7.01642892596882e+00
-7.05690900327330e+00
-7.07246158175267e+00
-7.06286643904018e+00
-7.02799066158865e+00
-6.96778975044457e+00
-6.88230842068134e+00
-6.77168108947088e+00
-6.63613204885164e+00
-6.47597532035155e+00
-6.29161418974173e+00
-6.08354042132880e+00
-5.85233315233475e+00
-5.59865746906102e+00
-5.32326266768104e+00
-5.02698020365370e+00
-4.71072133488800e+00
-4.37547446492011e+00
-4.02230219347693e+00
-3.65233808289612e+00
-3.26678314994540e+00
-2.86690209362803e+00
-2.45401927057736e+00
-2.02951443062200e+00
-1.59481822604428e+00
-1.15140750895486e+00
-7.00800432058655e-01
-2.44551368892047e-01
2.15754329635744e-01
6.78505724867787e-01
1.14207180802289e+00
1.60480712706956e+00
2.06505750358975e+00
2.52116581991958e+00
2.97147785647377e+00
3.41434815884742e+00
3.84814591404543e+00
4.27126081502223e+00
4.68210889261547e+00
5.07913829393656e+00
5.46083498633241e+00
5.82572836615919e+00
6.17239675181167e+00
6.49947274072795e+00
6.80564841043950e+00
7.08968034416195e+00
7.35039446191708e+00
7.58669063874497e+00
7.79754709220168e+00
7.98202452204264e+00
8.13926998576165e+00
8.26852049448918e+00
8.36910631464658e+00
8.44045396170568e+00
8.48208887340795e+00
8.49363775085703e+00
8.47483055700273e+00
8.42550216318597e+00
8.34559363560433e+00
8.23515315478553e+00
8.09433656241601e+00
7.92340753115939e+00
7.72273735441143e+00
7.49280435426923e+00
7.23419290733645e+00
6.94759208934335e+00
6.63379394091880e+00
6.29369135821270e+00
5.92827561342333e+00
5.53863351162930e+00
5.12594419165891e+00
4.69147558004185e+00
4.23658050837640e+00
3.76269250570715e+00
3.27132127873247e+00
2.76404789385166e+00
2.24251967620719e+00
1.70844484197602e+00
1.16358688121474e+00
6.09758709554052e-01
4.88166079748211e-02
-5.17346029231089e-01
-1.08680511740677e+00
-1.65761245373571e+00
-2.22780241639810e+00
-2.79539876777864e+00
-3.35842153831489e+00
-3.91489396714651e+00
-4.46284947537298e+00
-5.00033864746502e+00
-5.52543619619367e+00
-6.03624788634636e+00
-6.53091739249509e+00
-7.00763306616026e+00
-7.46463458788541e+00
-7.90021947999422e+00
-8.31274945614583e+00
-8.70065658423694e+00
-9.06244923971608e+00
-9.39671782697739e+00
-9.70214024718694e+00
-9.97748709165920e+00
-1.02216265407473e+01
-1.04335289491298e+01
-1.06122710993721e+01
-1.07570401067037e+01
-1.08671369590851e+01
-1.09419796778307e+01
-1.09811060853091e+01
-1.09841761675512e+01
-1.09509740209557e+01
-1.08814093736888e+01
-1.07755186738219e+01
-1.06334657377388e+01
-1.04555419538552e+01
-1.02421660382438e+01
-9.99388334031527e+00
-9.71136469829106e+00
-9.39540484579234e+00
-9.04692037246404e+00
-8.66694724314847e+00
-8.25663788171030e+00
-7.81725782718910e+00
-7.35018197151487e+00
-6.85689038955407e+00
-6.33896377375969e+00
-5.79807848716850e+00
-5.23600124991820e+00
-4.65458347584327e+00
-4.05575527704051e+00
-3.44151915557578e+00
-2.81394340272033e+00
-2.17515522725835e+00
-1.52733363549192e+00
-8.72702086577885e-01
-2.13520947764341e-01
4.47920225055327e-01
1.10931055528870e+00
1.76832583522890e+00
2.42263660983178e+00
3.06991632674688e+00
3.70784952426537e+00
4.33414002855250e+00
4.94651913133006e+00
5.54275371907836e+00
6.12065432483004e+00
6.67808307373350e+00
7.21296149377315e+00
7.72327816334321e+00
8.20709616778514e+00
8.66256033751241e+00
9.08790424095861e+00
9.48145690629724e+00
9.84164924668807e+00
1.01670201647067e+01
1.04562223126062e+01
1.07080274861392e+01
1.09213316308367e+01
1.10951594408824e+01
1.12286685320490e+01
1.13211531715559e+01
1.13720475491761e+01
1.13809285754463e+01
1.13475181944215e+01
1.12716852000578e+01
1.11534465469937e+01
1.09929681482299e+01
1.07905651539767e+01
1.05467017077310e+01
1.02619901774701e+01
9.93718986168223e+00
9.57320517180868e+00
9.17108329452201e+00
8.73201133912064e+00
8.25731297716204e+00
7.74844458328723e+00
7.20699088799679e+00
6.63466015491787e+00
6.03327889684848e+00
5.40478614656859e+00
4.75122730006667e+00
4.07474755143426e+00
3.37758494022642e+00
2.66206303356836e+00
1.93058326669627e+00
1.18561696695786e+00
4.29697087549076e-01
-3.34590321566264e-01
-1.10461487703227e+00
-1.87771083026499e+00
-2.65118621001569e+00
-3.42233210816099e+00
-4.18843207687261e+00
-4.94677160475023e+00
-5.69464763904657e+00
-6.42937812076858e+00
-7.14831149921355e+00
-7.84883619238451e+00
-8.52838995973888e+00
-9.18446915384756e+00
-9.81463781778474e+00
-1.04165365954312e+01
-1.09878914223529e+01
-1.15265219655104e+01
-1.20303497807698e+01
-1.24974061580041e+01
-1.29258396245142e+01
-1.33139230785377e+01
-1.36600605257644e+01
-1.39627933930257e+01
-1.42208063946730e+01
-1.44329329286011e+01
-1.45981599804023e+01
-1.47156325157510e+01
-1.47846573428110e+01
-1.48047064282226e+01
-1.47754196520619e+01
-1.46966069890562e+01
-1.45682501052910e+01
-1.43905033616401e+01
-1.41636942171903e+01
-1.38883230280057e+01
-1.35650622386760e+01
-1.31947549662179e+01
-1.27784129780292e+01
-1.23172140677354e+01
-1.18124988349085e+01
-1.12657668767603e+01
-1.06786724020268e+01
-1.00530192793447e+01
-9.39075553447142e+00
-8.69396731271819e+00
-7.96487232492847e+00
-7.20581279724716e+00
-6.41924794677885e+00
-5.60774600701407e+00
-4.77397582861341e+00
-3.92069808276377e+00
-3.05075609586525e+00
-2.16706634575045e+00
-1.27260865098914e+00
-3.70416086073833e-01
5.36435343580328e-01
1.44483723186844e+00
2.35165947160080e+00
3.25376108683891e+00
4.14800116066053e+00
5.03124982052364e+00
5.90039924299569e+00
6.75237463934925e+00
7.58414518338908e+00
8.39273484287833e+00
9.17523307606680e+00
9.92880535509823e+00
1.06507034784827e+01
1.13382756353625e+01
1.19889761849791e+01
1.26003751155578e+01
1.31701671477670e+01
1.36961804489742e+01
1.41763849257166e+01
1.46089000631094e+01
1.49920022813514e+01
1.53241317810210e+01
1.56038988505096e+01
1.58300896106862e+01
1.60016711737361e+01
1.61177961950525e+01
1.61778067990827e+01
1.61812378621284e+01
1.61278196372688e+01
1.60174797088105e+01
1.58503442659524e+01
1.56267386876939e+01
1.53471874333870e+01
1.50124132357455e+01
1.46233355955503e+01
1.41810685797411e+01
1.36869179270344e+01
1.31423774676596e+01
1.25491248662456e+01
1.19090166993099e+01
1.12240828811954e+01
1.04965204546563e+01
9.72868676460580e+00
8.92309203579632e+00
8.08239137739814e+00
7.20937623957137e+00
6.30696534917329e+00
5.37819515370872e+00
4.42620980450286e+00
3.45425071184954e+00
2.46564570655227e+00
1.46379784383313e+00
4.52173887016603e-01
-5.65707490290198e-01
-1.58628774361881e+00
-2.60598069771082e+00
-3.62118494537992e+00
-4.62829636253677e+00
-5.62372069612718e+00
-6.60388618126287e+00
-7.56525614350148e+00
-8.50434154206254e+00
-9.41771340975525e+00
-1.03020151455310e+01
-1.11539746158723e+01
-1.19704160216794e+01
-1.27482714879229e+01
-1.34845923340896e+01
-1.41765599843551e+01
-1.48214964774802e+01
-1.54168745376275e+01
-1.59603271686430e+01
-1.64496567358299e+01
-1.68828435008621e+01
-1.72580535772263e+01
-1.75736462754557e+01
-1.78281808094017e+01
-1.80204223368859e+01
-1.81493473102779e+01
-1.82141481148405e+01
-1.82142369750678e+01
-1.81492491117145e+01
-1.80190451347477e+01
-1.78237126600633e+01
-1.75635671404652e+01
-1.72391519041122e+01
-1.68512373963817e+01
-1.64008196238693e+01
-1.58891178020325e+01
-1.53175712107841e+01
-1.46878352651363e+01
-1.40017768107821e+01
-1.32614686572621e+01
-1.24691833640990e+01
-1.16273862979752e+01
-1.07387279816653e+01
-9.80603575802533e+00
-8.83230479484624e+00
-7.82068845881607e+00
-6.77448808918527e+00
-5.69714220397634e+00
-4.59221517373005e+00
-3.46338539981325e+00
-2.31443303622903e+00
-1.14922729565980e+00
2.82866178778711e-02
1.21410090586651e+00
2.40415885635085e+00
3.59436876275162e+00
4.78061803289574e+00
5.95878743983337e+00
7.12476546527914e+00
8.27446268595613e+00
9.40382615272747e+00
1.05088537121859e+01
1.15856082203307e+01
1.26302315980934e+01
1.36389586787897e+01
1.46081307980591e+01
1.55342090775187e+01
1.64137873541982e+01
1.72436047088264e+01
1.80205575472250e+01
1.87417111904061e+01
1.94043109304779e+01
2.00057925111269e+01
2.05437919932629e+01
2.10161549683725e+01
2.14209450842374e+01
2.17564518499028e+01
2.20211976891536e+01
2.22139442142338e+01
2.23336976941415e+01
2.23797136945261e+01
2.23515008690059e+01
2.22488238845950e+01
2.20717054668795e+01
2.18204275535913e+01
2.14955315482960e+01
2.10978176690207e+01
2.06283433897880e+01
2.00884209761886e+01
1.94796141193002e+01
1.88037336754327e+01
1.80628325223469e+01
1.72591995457343e+01
1.63953527728517e+01
1.54740316732719e+01
1.44981886497135e+01
1.34709797448638e+01
1.23957545929626e+01
1.12760456477024e+01
1.01155567206735e+01
8.91815086715990e+00
7.68783765854483e+00
6.42875988291797e+00
5.14517971766925e+00
3.84146441990815e+00
2.52207158244854e+00
1.19153400484388e+00
-1.45555769467371e-01
-1.48456119743426e+00
-2.82081770838713e+00
-4.14964884900445e+00
-5.46638254564516e+00
-6.76636742776843e+00
-8.04498915568589e+00
-9.29768669561196e+00
-1.05199684848941e+01
-1.17074284304256e+01
-1.28557616835581e+01
-1.39607801353505e+01
-1.50184275767065e+01
-1.60247944688672e+01
-1.69761322708336e+01
-1.78688672715949e+01
-1.86996138765288e+01
-1.94651872990113e+01
-2.01626156101278e+01
-2.07891511014027e+01
-2.13422809176570e+01
-2.18197369194562e+01
-2.22195047371193e+01
-2.25398319809059e+01
-2.27792355747873e+01
-2.29365081841221e+01
-2.30107237105827e+01
-2.30012418308218e+01
-2.29077115585990e+01
-2.27300738134093e+01
-2.24685629820488e+01
-2.21237074630123e+01
-2.16963291871250e+01
-2.11875421113583e+01
-2.05987496863578e+01
-1.99316413017956e+01
-1.91881877172571e+01
-1.83706354899482e+01
-1.74815004140702e+01
-1.65235599902297e+01
-1.54998449467270e+01
-1.44136298379790e+01
-1.32684227486726e+01
-1.20679541355036e+01
-1.08161648415118e+01
-9.51719332107837e+00
-8.17536211658016e+00
-6.79516363050162e+00
-5.38124523946364e+00
-3.93839379914163e+00
-2.47151959139735e+00
-9.85639767130717e-01
5.14138659636671e-01
2.02263620911121e+00
3.53461866555087e+00
5.04481507917020e+00
6.54793597850959e+00
8.03869173063921e+00
9.51181098576341e+00
1.09620591422119e+01
1.23842567674406e+01
1.37732979105270e+01
1.51241682417353e+01
1.64319629550314e+01
1.76919043699757e+01
1.88993591701758e+01
2.00498552164719e+01
2.11390978742325e+01
2.21629857955618e+01
2.31176260988563e+01
2.39993488899957e+01
2.48047210714995e+01
2.55305593882280e+01
2.61739426606397e+01
2.67322231592363e+01
2.72030370766171e+01
2.75843140565192e+01
2.78742857423333e+01
2.80714933108396e+01
2.81747939602998e+01
2.81833663255533e+01
2.80967147963928e+01
2.79146727192171e+01
2.76374044657684e+01
2.72654063566488e+01
2.67995064312514e+01
2.62408630597356e+01
2.55909623966991e+01
2.48516146802429e+01
2.40249493841746e+01
2.31134092351343e+01
2.21197431104450e+01
2.10469978364663e+01
1.98985089111599e+01
1.86778901784377e+01
1.73890224856429e+01
1.60360413592114e+01
1.46233237371369e+01
1.31554738003367e+01
1.16373079483405e+01
1.00738389679217e+01
8.47025944631890e+00
6.83192448356449e+00
5.16433376112720e+00
3.47311302657330e+00
1.76399505625903e+00
4.28001601609189e-02
-1.68458370516735e+00
-3.41222114785822e+00
-5.13414980713544e+00
-6.84440100458209e+00
-8.53702050903624e+00
-1.02060893431725e+01
-1.18457445593572e+01
-1.34501999121600e+01
-1.50137663549390e+01
-1.65308722882132e+01
-1.79960834880866e+01
-1.94041226437820e+01
-2.07498884344022e+01
-2.20284740763328e+01
-2.32351852742468e+01
-2.43655575104614e+01
-2.54153726094157e+01
-2.63806745162940e+01
-2.72577842312928e+01
-2.80433138437207e+01
-2.87341796130161e+01
-2.93276140468648e+01
-2.98211769298782e+01
-3.02127652597552e+01
-3.05006220514719e+01
-3.06833439738242e+01
-3.07598877865657e+01
-3.07295755504306e+01
-3.05920985864949e+01
-3.03475201655858e+01
-2.99962769128056e+01
-2.95391789166451e+01
-2.89774085366455e+01
-2.83125179080772e+01
-2.75464251466473e+01
-2.66814092607961e+01
-2.57201037836868e+01
-2.46654891415115e+01
-2.35208837792215e+01
-2.22899340692147e+01
-2.09766030328725e+01
-1.95851579091120e+01
-1.81201566082879e+01
-1.65864330938382e+01
-1.49890817379907e+01
-1.33334407016282e+01
-1.16250743920361e+01
-9.86975505570008e+00
-8.07344356659341e+00
-6.24226947345968e+00
-4.38251037245665e+00
-2.50057067416930e+00
-6.02959836410946e-01
1.30372986359501e+00
3.21284594213594e+00
5.11769862984671e+00
7.01158402186623e+00
8.88780737758115e+00
1.07397064893556e+01
1.25606750390581e+01
1.43441858608907e+01
1.60838140289984e+01
1.77732596885997e+01
1.94063705499210e+01
2.09771639650495e+01
2.24798485089272e+01
2.39088449871033e+01
2.52588067945243e+01
2.65246395515854e+01
2.77015199458653e+01
2.87849137104345e+01
2.97705926723386e+01
3.06546508078198e+01
3.14335192440305e+01
3.21039801504097e+01
3.26631794665224e+01
3.31086384169931e+01
3.34382637681839e+01
3.36503567854600e+01
3.37436208542465e+01
3.37171677325779e+01
3.35705224074808e+01
3.33036265322801e+01
3.29168404267712e+01
3.24109436271347e+01
3.17871339774742e+01
3.10470252599077e+01
3.01926433652280e+01
2.92264210112455e+01
2.81511910210239e+01
2.69701781782891e+01
2.56869896823352e+01
2.43056042297213e+01
2.28303597549660e+01
2.12659398672556e+01
1.96173590248887e+01
1.78899464937572e+01
1.60893291406039e+01
1.42214131160730e+01
1.22923644866767e+01
1.03085888787159e+01
8.27671020090829e+00
6.20354851596863e+00
4.09609713465636e+00
1.96149900882609e+00
-1.92977497217033e-01
-2.35996337524608e+00
-4.53201419749140e+00
-6.70163571088617e+00
-8.86130971354423e+00
-1.10035201244813e+01
-1.31207791565376e+01
-1.52056535017252e+01
-1.72507904377915e+01
-1.92489437646815e+01
-2.11929994797926e+01
-2.30760011014359e+01
-2.48911745507678e+01
-2.66319525036151e+01
-2.82919981250892e+01
-2.98652281016766e+01
-3.13458348875738e+01
-3.27283080844336e+01
-3.40074548763622e+01
-3.51784194449784e+01
-3.62367012925814e+01
-3.71781724049802e+01
-3.79990931892939e+01
-3.86961271260330e+01
-3.92663540789970e+01
-3.97072822109679e+01
-4.00168584578193e+01
-4.01934775184900e+01
-4.02359893232629e+01
-4.01437049479415e+01
-3.99164009467949e+01
-3.95543220825414e+01
-3.90581824371396e+01
-3.84291648927287e+01
-3.76689189777003e+01
-3.67795570785593e+01
-3.57636490239320e+01
-3.46242150527808e+01
-3.33647171845641e+01
-3.19890490147321e+01
-3.05015239645249e+01
-2.89068620195584e+01
-2.72101749970872e+01
-2.54169503871331e+01
-2.35330338178249e+01
-2.15646102002999e+01
-1.95181836133532e+01
-1.74005559926606e+01
-1.52188046938400e+01
-1.29802590028283e+01
-1.06924756710254e+01
-8.36321355637932e+00
-6.00040745503789e+00
-3.61214121136655e+00
-1.20662019701306e+00
1.20785674772895e+00
3.62292581473876e+00
6.03018707361867e+00
8.42123356291459e+00
1.07876805266816e+01
1.31211946951469e+01
1.54135235076454e+01
1.76565241757891e+01
1.98421924849591e+01
2.19626912327019e+01
2.40103782034597e+01
2.59778335802581e+01
2.78578866955317e+01
2.96436420251635e+01
3.13285043320543e+01
3.29062028681187e+01
3.43708145465023e+01
3.57167859990478e+01
3.69389544375634e+01
3.80325672412835e+01
3.89933001970310e+01
3.98172743229783e+01
4.05010712115583e+01
4.10417468319712e+01
4.14368437378517e+01
4.16844016309984e+01
4.17829662375916e+01
4.17315964590245e+01
4.15298697653335e+01
4.11778858051994e+01
4.06762682126050e+01
4.00261645964289e+01
3.92292447055370e+01
3.82876967682548e+01
3.72042220114629e+01
3.59820273709210e+01
3.46248164107749e+01
3.31367784765168e+01
3.15225761119200e+01
2.97873307766467e+01
2.79366069072943e+01
2.59763943705982e+01
2.39130893633041e+01
2.17534738188628e+01
1.95046933865466e+01
1.71742340538301e+01
1.47698974878926e+01
1.22997751768746e+01
9.77222145603045e+00
7.19582550815360e+00
4.57938243158689e+00
1.93186347276449e+00
-7.37614476466547e-01
-3.41982001352283e+00
-6.10543888591441e+00
-8.78510607012057e+00
-1.14494381585034e+01
-1.40890659427323e+01
-1.66946670810513e+01
-1.92569987359711e+01
-2.17669300686067e+01
-2.42154744759216e+01
-2.65938214575665e+01
-2.88933679998327e+01
-3.11057493654660e+01
-3.32228691797002e+01
-3.52369287048777e+01
-3.71404551984130e+01
-3.89263292516200e+01
-4.05878110100569e+01
-4.21185651795366e+01
-4.35126847257890e+01
-4.47647131799412e+01
-4.58696654664775e+01
-4.68230471751542e+01
-4.76208722034418e+01
-4.82596787014459e+01
-4.87365432568986e+01
-4.90490932636826e+01
-4.91955174234554e+01
-4.91745743362333e+01
-4.89855991422763e+01
-4.86285081842479e+01
-4.81038016653953e+01
-4.74125642863738e+01
-4.65564638503153e+01
-4.55377478327682e+01
-4.43592379202156e+01
-4.30243225279665e+01
-4.15369473152981e+01
-3.99016037227697e+01
-3.81233155636265e+01
-3.62076237081072e+01
-3.41605689062762e+01
-3.19886728016654e+01
-2.96989171945196e+01
-2.72987216197787e+01
-2.47959193110555e+01
-2.21987316277797e+01
-1.95157410283428e+01
-1.67558626774697e+01
-1.39283147811643e+01
-1.10425877473739e+01
-8.10841227500593e+00
-5.13572647807955e+00
-2.13464215557332e+00
8.84589679037632e-01
3.91161389153520e+00
6.93600682433512e+00
9.94731227558982e+00
1.29350777362990e+01
1.58888907603126e+01
1.87984153411505e+01
2.16534281690299e+01
2.44438546413995e+01
2.71598045006362e+01
2.97916069733419e+01
3.23298452869208e+01
3.47653904407791e+01
3.70894341115972e+01
3.92935205746584e+01
4.13695775261666e+01
4.33099456948570e+01
4.51074071349709e+01
4.67552120968213e+01
4.82471043757226e+01
4.95773450449497e+01
5.07407344836485e+01
5.17326326161971e+01
5.25489772854123e+01
5.31863006881836e+01
5.36417438085782e+01
5.39130687901729e+01
5.39986691963150e+01
5.38975781141575e+01
5.36094740656523e+01
5.31346846961685e+01
5.24741882190271e+01
5.16296126019697e+01
5.06032324893830e+01
4.93979638619631e+01
4.80173564433868e+01
4.64655838714363e+01
4.47474316588825e+01
4.28682829772241e+01
4.08341023040905e+01
3.86514169827227e+01
3.63272967493999e+01
3.38693312919843e+01
3.12856059098574e+01
2.85846753524132e+01
2.57755359199198e+01
2.28675959169449e+01
1.98706445546354e+01
1.67948194039198e+01
1.36505725071564e+01
1.04486352608471e+01
7.19998218675865e+00
3.91579371313216e+00
6.07418091588826e-01
-2.71366742115380e+00
-6.03589598456703e+00
-9.34765106378969e+00
-1.26373066503266e+01
-1.58932676752966e+01
-1.91040104753434e+01
-2.22581231705815e+01
-2.53443458137033e+01
-2.83516101696092e+01
-3.12690789856535e+01
-3.40861846138193e+01
-3.67926668478440e+01
-3.93786098405046e+01
-4.18344779689467e+01
-4.41511505190762e+01
-4.63199550636376e+01
-4.83326994126518e+01
-5.01817020193806e+01
-5.18598207298966e+01
-5.33604797696631e+01
-5.46776948662461e+01
-5.58060964133671e+01
-5.67409505879538e+01
-5.74781783386193e+01
-5.80143721710899e+01
-5.83468106634770e+01
-5.84734706519254e+01
-5.83930370350442e+01
-5.81049101536147e+01
-5.76092107103362e+01
-5.69067822027937e+01
-5.59991908513851e+01
-5.48887230125896e+01
-5.35783800766765e+01
-5.20718708577037e+01
-5.03736014924177e+01
-4.84886628733995e+01
-4.64228156504855e+01
-4.41824728430878e+01
-4.17746801145256e+01
-3.92070937678106e+01
-3.64879565305012e+01
-3.36260712041955e+01
-3.06307722619639e+01
-2.75118954844925e+01
-2.42797457328878e+01
-2.09450629629660e+01
-1.75189865923787e+01
-1.40130183380991e+01
-1.04389836475756e+01
-6.80899185223658e+00
-3.13539517698469e+00
5.69253256180769e-01
4.29224228822975e+00
8.02074630110880e+00
1.17418693648780e+01
1.54426898025974e+01
1.91103050195411e+01
2.27318764417926e+01
2.62946744082930e+01
2.97861228599635e+01
3.31938436696167e+01
3.65057004570154e+01
3.97098417346169e+01
4.27947432312681e+01
4.57492492433823e+01
4.85626128659231e+01
5.12245349588450e+01
5.37252017084765e+01
5.60553206476720e+01
5.82061550033933e+01
6.01695562456885e+01
6.19379947178030e+01
6.35045882333685e+01
6.48631285332427e+01
6.60081055016061e+01
6.69347290483241e+01
6.76389485723461e+01
6.81174699289968e+01
6.83677698324001e+01
6.83881076329363e+01
6.81775344185327e+01
6.77358993976995e+01
6.70638535315217e+01
6.61628503912608e+01
6.50351442277838e+01
6.36837852486885e+01
6.21126121086898e+01
6.03262416285558e+01
5.83300557675823e+01
5.61301858842496e+01
5.37334943292769e+01
5.11475534247430e+01
4.83806218922469e+01
4.54416188022015e+01
4.23400951252606e+01
3.90862029755383e+01
3.56906626436540e+01
3.21647275257161e+01
2.85201470620800e+01
2.47691278070929e+01
2.09242927580017e+01
1.69986390777604e+01
1.30054943525833e+01
8.95847153072997e+00
4.87142269417190e+00
7.58391819429505e-01
-3.36643331200146e+00
-7.48876988963959e+00
-1.15942893694060e+01
-1.56686671189354e+01
-1.96976322414699e+01
-2.36670174057016e+01
-2.75628085082497e+01
-3.13711939953650e+01
-3.50786136709717e+01
-3.86718068192782e+01
-4.21378594719038e+01
-4.54642506517942e+01
-4.86388974291063e+01
-5.16501986277413e+01
-5.44870770252798e+01
-5.71390198937008e+01
-5.95961177334587e+01
-6.18491010592031e+01
-6.38893751016591e+01
-6.57090522969174e+01
-6.73009824415798e+01
-6.86587803998614e+01
-6.97768512568273e+01
-7.06504128204200e+01
-7.12755153837815e+01
-7.16490586685667e+01
-7.17688058794434e+01
-7.16333948097613e+01
-7.12423459483941e+01
-7.05960675480054e+01
-6.96958576254036e+01
-6.85439028752118e+01
-6.71432744887488e+01
-6.54979208807472e+01
-6.36126573373069e+01
-6.14931526092441e+01
-5.91459124857124e+01
-5.65782603936165e+01
-5.37983150788593e+01
-5.08149654358292e+01
-4.76378425617127e+01
-4.42772891221659e+01
-4.07443261245621e+01
-3.70506172044251e+01
-3.32084305397088e+01
-2.92305985162823e+01
-2.51304752762719e+01
-2.09218922887826e+01
-1.66191120899398e+01
-1.22367803461183e+01
-7.78987640065466e+00
-3.29366247022612e+00
1.23636833758569e+00
5.78454500926922e+00
1.03350724324556e+01
1.48720858410993e+01
1.93797057118508e+01
2.38420929224196e+01
2.82435039810916e+01
3.25683461355849e+01
3.68012321691153e+01
4.09270346918927e+01
4.49309397372952e+01
4.87984994736515e+01
5.25156838449201e+01
5.60689309565624e+01
5.94451960265705e+01
6.26319987259138e+01
6.56174687375965e+01
6.83903893690671e+01
7.09402390588543e+01
7.32572306250270e+01
7.53323481103436e+01
7.71573810867649e+01
7.87249562903171e+01
8.00285664660830e+01
8.10625963123493e+01
8.18223454225990e+01
8.23040481340993e+01
8.25048902022443e+01
8.24230222305446e+01
8.20575697971754e+01
8.14086402302580e+01
8.04773259955251e+01
7.92657046716646e+01
7.77768355004117e+01
7.60147525103238e+01
7.39844542250856e+01
7.16918899791155e+01
6.91439428751282e+01
6.63484094301231e+01
6.33139759679632e+01
6.00501918282444e+01
5.65674394724997e+01
5.28769015798731e+01
4.89905252352314e+01
4.49209833231774e+01
4.06816332515822e+01
3.62864731380136e+01
3.17500956017660e+01
2.70876393130697e+01
2.23147384594342e+01
1.74474702969320e+01
1.25023009615297e+01
7.49602972228551e+00
2.44573186434772e+00
-2.63129960483475e+00
-7.71761322785264e+00
-1.27956591458297e+01
-1.78478497172095e+01
-2.28566204982056e+01
-2.78044913742392e+01
-3.26741276303642e+01
-3.74484007480814e+01
-4.21104487160983e+01
-4.66437356434692e+01
-5.10321104651745e+01
-5.52598645325629e+01
-5.93117878841652e+01
-6.31732239962110e+01
-6.68301228166989e+01
-7.02690918921015e+01
-7.34774454016977e+01
-7.64432509210948e+01
-7.91553737437347e+01
-8.16035185970124e+01
-8.37782685980865e+01
-8.56711213034687e+01
-8.72745217160374e+01
-8.85818921231855e+01
-8.95876586503543e+01
-9.02872744251913e+01
-9.06772392589623e+01
-9.07551157636030e+01
-9.05195418348874e+01
-8.99702394445635e+01
-8.91080196969235e+01
-8.79347841181056e+01
-8.64535221593983e+01
-8.46683049089209e+01
-8.25842750192127e+01
-8.02076328714555e+01
-7.75456190102181e+01
-7.46064928957099e+01
-7.13995080335138e+01
-6.79348835545931e+01
-6.42237723309861e+01
-6.02782257249719e+01
-5.61111550815673e+01
-5.17362900859543e+01
-4.71681341187984e+01
-4.24219167533601e+01
-3.75135435487828e+01
-3.24595433039263e+01
-2.72770129455652e+01
-2.19835602336519e+01
-1.65972444746265e+01
-1.11365154413975e+01
-5.62015070560921e+00
-6.71915940981052e-02
5.50312201296864e+00
1.10714178199375e+01
1.66182579630674e+01
2.21242063377347e+01
2.75698961731611e+01
3.29360976206515e+01
3.82037851203952e+01
4.33542043117723e+01
4.83689382528130e+01
5.32299727159728e+01
5.79197603297289e+01
6.24212833386443e+01
6.67181147585004e+01
7.07944777078354e+01
7.46353027027491e+01
7.82262827081127e+01
8.15539257453496e+01
8.46056048646945e+01
8.73696052982874e+01
8.98351686195654e+01
9.19925337441739e+01
9.38329746179819e+01
9.53488344487245e+01
9.65335563492787e+01
9.73817102725561e+01
9.78890161304458e+01
9.80523630021012e+01
9.78698243501099e+01
9.73406691766605e+01
9.64653690656821e+01
9.52456010710371e+01
9.36842464251381e+01
9.17853850568000e+01
8.95542859216673e+01
8.69973931631266e+01
8.41223081361834e+01
8.09377673412852e+01
7.74536163294718e+01
7.36807796544721e+01
6.96312269613934e+01
6.53179353154182e+01
6.07548478873864e+01
5.59568291262420e+01
5.09396165610300e+01
4.57197693873758e+01
4.03146140051453e+01
3.47421866852065e+01
2.90211735538578e+01
2.31708480935270e+01
1.72110063677159e+01
1.11619001868601e+01
5.04416843974386e+00
-1.12123317767582e+00
-7.31310379773829e+00
-1.35100701369144e+01
-1.96906601232701e+01
-2.58333771428612e+01
-3.19167746492689e+01
-3.79195308782627e+01
-4.38205234082527e+01
-4.95989033067576e+01
-5.52341686035853e+01
-6.07062368327966e+01
-6.59955163877933e+01
-7.10829764370500e+01
-7.59502151520666e+01
-8.05795260040602e+01
-8.49539618917218e+01
-8.90573968690171e+01
-9.28745852494925e+01
-9.63912178718365e+01
-9.95939753205090e+01
-1.02470577905075e+02
-1.05009832212410e+02
-1.07201674057172e+02
-1.09037207667796e+02
-1.10508740957770e+02
-1.11609816744974e+02
-1.12335239795456e+02
-1.12681099582078e+02
-1.12644788662943e+02
-1.12225016599395e+02
-1.11421819348596e+02
-1.10236564081164e+02
-1.08671949390089e+02
-1.06732000873034e+02
-1.04422062086143e+02
-1.01748780883581e+02
-9.87200911730876e+01
-9.53451901339297e+01
-9.16345109595264e+01
-8.75996912028597e+01
-8.32535368183329e+01
-7.86099820090576e+01
-7.36840450035385e+01
-6.84917799003367e+01
-6.30502247334742e+01
-5.73773459250554e+01
-5.14919793047515e+01
-4.54137678884033e+01
-3.91630966199756e+01
-3.27610242924126e+01
-2.62292128735530e+01
-1.95898544731231e+01
-1.28655961959029e+01
-6.07946313442299e+00
7.45220238048603e-01
7.58491000693196e+00
1.44159238152614e+01
2.12145226444956e+01
2.79569930958521e+01
3.46197298880196e+01
4.11793182852966e+01
4.76126161693848e+01
5.38968354682420e+01
6.00096226565703e+01
6.59291380446841e+01
7.16341335756641e+01
7.71040288548524e+01
8.23189851408625e+01
8.72599770333634e+01
9.19088615999209e+01
9.62484446921260e+01
1.00262544210089e+02
1.03936050084089e+02
1.07254980752727e+02
1.10206535928288e+02
1.12779145452164e+02
1.14962514056020e+02
1.16747661857977e+02
1.18126960437242e+02
1.19094164345427e+02
1.19644437928134e+02
1.19774377346210e+02
1.19482027702365e+02
1.18766895195501e+02
1.17629954242099e+02
1.16073649521291e+02
1.14101892917720e+02
1.11720055353934e+02
1.08934953521791e+02
1.05754831540132e+02
1.02189337583693e+02
9.82494955458986e+01
9.39476718156594e+01
8.92975372655766e+01
8.43140245659697e+01
7.90132809558065e+01
7.34126166178957e+01
6.75304488215245e+01
6.13862420110394e+01
5.50004440336199e+01
4.83944187136309e+01
4.15903749943991e+01
3.46112928810134e+01
2.74808464297256e+01
2.02233240407027e+01
1.28635463212048e+01
5.42678179568871e+00
-2.06133925215062e+00
-9.57491251285256e+00
-1.70878486610654e+01
-2.45739633371748e+01
-3.20070677915363e+01
-3.93610598787174e+01
-4.66100150867857e+01
-5.37282772853959e+01
-6.06905488762413e+01
-6.74719800303433e+01
-7.40482566986671e+01
-8.03956870856548e+01
-8.64912862794725e+01
-9.23128587380378e+01
-9.78390783362486e+01
-1.03049565687216e+02
-1.07924962458728e+02
-1.12447002415580e+02
-1.16598578928813e+02
-1.20363808704203e+02
-1.23728091494588e+02
-1.26678165573727e+02
-1.29202158763255e+02
-1.31289634819041e+02
-1.32931634998628e+02
-1.34120714647558e+02
-1.34850974659077e+02
-1.35118087679022e+02
-1.34919318945465e+02
-1.34253541670944e+02
-1.33121246893734e+02
-1.31524547743563e+02
-1.29467178086399e+02
-1.26954485532339e+02
-1.23993418810147e+02
-1.20592509531616e+02
-1.16761848388478e+02
-1.12513055844112e+02
-1.07859247401665e+02
-1.02814993549341e+02
-9.73962745024911e+01
-9.16204298806634e+01
-8.55061034758712e+01
-7.90731832859943e+01
-7.23427370043012e+01
-6.53369431725907e+01
-5.80790182212766e+01
-5.05931396348577e+01
-4.29043654955585e+01
-3.50385506714388e+01
-2.70222599279132e+01
-1.88826782533386e+01
-1.06475187000739e+01
-2.34492805216480e+00
5.99660936050951e+00
1.43483693741623e+01
2.26814868951362e+01
3.09670556567190e+01
3.91762284851920e+01
4.72803177285450e+01
5.52508954994465e+01
6.30598933834291e+01
7.06797012638309e+01
7.80832649168205e+01
8.52441820328425e+01
9.21367963250277e+01
9.87362893905128e+01
1.05018769997208e+02
1.10961360476289e+02
1.16542279909587e+02
1.21740923811039e+02
1.26537940012461e+02
1.30915300476016e+02
1.34856368768901e+02
1.38345962949888e+02
1.41370413632366e+02
1.43917617004455e+02
1.45977082603462e+02
1.47539975659467e+02
1.48599153840985e+02
1.49149198254530e+02
1.49186438569323e+02
1.48708972158306e+02
1.47716677167076e+02
1.46211219443071e+02
1.44196053278477e+02
1.41676415941631e+02
1.38659315993200e+02
1.35153515404990e+02
1.31169505520852e+02
1.26719476920714e+02
1.21817283270124e+02
1.16478399258969e+02
1.10719872753890e+02
1.04560271309516e+02
9.80196232037575e+01
9.11193531820472e+01
8.38822131144613e+01
7.63322077881019e+01
6.84945160748189e+01
6.03954077313119e+01
5.20621561047656e+01
4.35229470323994e+01
3.48067842375935e+01
2.59433915385330e+01
1.69631121975434e+01
7.89680575042630e+00
-1.22425733490026e+00
-1.03685028123329e+01
-1.95041612583561e+01
-2.85993777475628e+01
-3.76223222257373e+01
-4.65413001995135e+01
-5.53248633591302e+01
-6.39419197496395e+01
-7.23618431060901e+01
-8.05545809697094e+01
-8.84907612049478e+01
-9.61417965414176e+01
-1.03479986770256e+02
-1.10478618231238e+02
-1.17112060235045e+02
-1.23355858074484e+02
-1.29186822288978e+02
-1.34583113858530e+02
-1.39524325016248e+02
-1.43991555382663e+02
-1.47967483140227e+02
-1.51436430982593e+02
-1.54384426590466e+02
-1.56799257403929e+02
-1.58670519480143e+02
-1.59989660245085e+02
-1.60750014968524e+02
-1.60946836812620e+02
-1.60577320326317e+02
-1.59640618280011e+02
-1.58137851757742e+02
-1.56072113447272e+02
-1.53448464091842e+02
-1.50273922091034e+02
-1.46557446261915e+02
-1.42309911795462e+02
-1.37544079467032e+02
-1.32274558183289e+02
-1.26517760971484e+02
-1.20291854540121e+02
-1.13616702562886e+02
-1.06513802860038e+02
-9.90062186733557e+01
-9.11185042519138e+01
-8.28766249865673e+01
-7.43078723508059e+01
-6.54407739246358e+01
-5.63049987962310e+01
-4.69312586532383e+01
-3.73512048917258e+01
-2.75973220857968e+01
-1.77028181747882e+01
-7.70151173766925e+00
2.37228326427130e+00
1.24838748851849e+01
2.25983123327415e+01
3.26805064388976e+01
4.26953510496164e+01
5.26078449150999e+01
6.23832136588389e+01
7.19870314019789e+01
8.13853416191571e+01
9.05447768031027e+01
9.94326765178901e+01
1.08017203424813e+02
1.16267456870381e+02
1.24153583632913e+02
1.31646885432628e+02
1.38719922819925e+02
1.45346615067746e+02
1.51502335706429e+02
1.57164003353306e+02
1.62310167504370e+02
1.66921088971640e+02
1.70978814667319e+02
1.74467246454380e+02
1.77372203802841e+02
1.79681480011535e+02
1.81384891776712e+02
1.82474321911078e+02
1.82943755040030e+02
1.82789306125553e+02
1.82009241692685e+02
1.80603993658316e+02
1.78576165687448e+02
1.75930532027731e+02
1.72674028799053e+02
1.68815737741088e+02
1.64366862447923e+02
1.59340697145103e+02
1.53752588090529e+02
1.47619887706603e+02
1.40961901576611e+02
1.33799828463662e+02
1.26156693535271e+02
1.18057275000995e+02
1.09528024394123e+02
1.00596980751369e+02
9.12936789666353e+01
8.16490526161600e+01
7.16953315726247e+01
6.14659347450926e+01
5.09953582997721e+01
4.03190597336029e+01
2.94733381884161e+01
1.84952114078819e+01
7.42228975258679e+00
-3.70735229970222e+00
-1.48553067312373e+01
-2.59829641928074e+01
-3.70516473901448e+01
-4.80227451890562e+01
-5.88578469759604e+01
-6.95188768079439e+01
-7.99682268854988e+01
-9.01688898817684e+01
-1.00084589664412e+02
-1.09679909950109e+02
-1.18920420437250e+02
-1.27772799969458e+02
-1.36204956291314e+02
-1.44186141967889e+02
-1.51687066051478e+02
-1.58680001092201e+02
-1.65138885103848e+02
-1.71039418112480e+02
-1.76359152932766e+02
-1.81077579835806e+02
-1.85176204792216e+02
-1.88638620995402e+02
-1.91450573392260e+02
-1.93600015971837e+02
-1.95077161586745e+02
-1.95874524107250e+02
-1.95986952733904e+02
-1.95411658321146e+02
-1.94148231591589e+02
-1.92198653148401e+02
-1.89567295221373e+02
-1.86260915110754e+02
-1.82288640321639e+02
-1.77661945410561e+02
-1.72394620594781e+02
-1.66502732203602e+02
-1.60004575079645e+02
-1.52920617066389e+02
-1.45273435746274e+02
-1.37087647621157e+02
-1.28389829953900e+02
-1.19208435516114e+02
-1.09573700512659e+02
-9.95175459781336e+01
-8.90734729643860e+01
-7.82764518607494e+01
-6.71628062103680e+01
-5.57700914063811e+01
-4.41369686709242e+01
-3.23030747377380e+01
-2.03088876756293e+01
-8.19558930500450e+00
3.99507532682934e+00
1.62209409340073e+01
2.84395669562217e+01
4.06083840021148e+01
5.26848412685255e+01
6.46265544269599e+01
7.63914534652017e+01
8.79379299702873e+01
9.92249833391569e+01
1.10212365405174e+02
1.20860722972357e+02
1.31131737754614e+02
1.40988263224465e+02
1.50394457884698e+02
1.59315914487084e+02
1.67719784734615e+02
1.75574899017794e+02
1.82851880751103e+02
1.89523254892993e+02
1.95563550251436e+02
2.00949395197253e+02
2.05659606428948e+02
2.09675270455664e+02
2.12979817488956e+02
2.15559087459348e+02
2.17401387899967e+02
2.18497543466889e+02
2.18840936894047e+02
2.18427541209582e+02
2.17255943070270e+02
2.15327357100972e+02
2.12645631156927e+02
2.09217242457927e+02
2.05051284574951e+02
2.00159445281542e+02
1.94555975314000e+02
1.88257648116196e+02
1.81283710676416e+02
1.73655825594963e+02
1.65398004552239e+02
1.56536533377469e+02
1.47099888948186e+02
1.37118648179749e+02
1.26625389392624e+02
1.15654586372646e+02
1.04242495465999e+02
9.24270360761069e+01
8.02476649538231e+01
6.77452446953247e+01
5.49619068836942e+01
4.19409103303668e+01
2.87264948912755e+01
1.53637313496097e+01
1.89836787253620e+00
-1.16233264370455e+01
-2.51547203606771e+01
-3.86489812132466e+01
-5.20592367691345e+01
-6.53387379076790e+01
-7.84410214155442e+01
-9.13200723810065e+01
-1.03930485614562e+02
-1.16227625531612e+02
-1.28167783936299e+02
-1.39708335150836e+02
-1.50807887941918e+02
-1.61426433704934e+02
-1.71525490377783e+02
-1.81068241569043e+02
-1.90019670399977e+02
-1.98346687576494e+02
-2.06018253225414e+02
-2.13005492049455e+02
-2.19281801376895e+02
-2.24822951705102e+02
-2.29607179361688e+02
-2.33615270933140e+02
-2.36830639138074e+02
-2.39239389850857e+02
-2.40830380011015e+02
-2.41595266184547e+02
-2.41528543574928e+02
-2.40627575314008e+02
-2.38892611896202e+02
-2.36326800653078e+02
-2.32936185199727e+02
-2.28729694818852e+02
-2.23719123783366e+02
-2.17919100653241e+02
-2.11347047617310e+02
-2.04023129985550e+02
-1.95970195971981e+02
-1.87213706942546e+02
-1.77781658336077e+02
-1.67704491499612e+02
-1.57014996711743e+02
-1.45748207699283e+02
-1.33941287983163e+02
-1.21633409419093e+02
-1.08865623326902e+02
-9.56807246296639e+01
-8.21231094495068e+01
-6.82386266313030e+01
-5.40744236882619e+01
-3.96787876845653e+01
-2.51009815896313e+01
-1.03910766562365e+01
4.40021860948511e+00
1.92217323042707e+01
3.40220052163891e+01
4.87494685430555e+01
6.33526226251016e+01
7.77802160816801e+01
9.19814247241818e+01
1.05906029627087e+02
1.19504593734176e+02
1.32728636381381e+02
1.45530805122590e+02
1.57865044251883e+02
1.69686759424978e+02
1.80952977794100e+02
1.91622503083934e+02
2.01656065051903e+02
2.11016462793475e+02
2.19668701372686e+02
2.27580121279381e+02
2.34720520237820e+02
2.41062266916145e+02
2.46580406112744e+02
2.51252755023640e+02
2.55059990224584e+02
2.57985725032485e+02
2.60016576943039e+02
2.61142224874790e+02
2.61355455984308e+02
2.60652201852568e+02
2.59031563878794e+02
2.56495827754972e+02
2.53050466931672e+02
2.48704135023785e+02
2.43468647142976e+02
2.37358950182107e+02
2.30393082115334e+02
2.22592120415960e+02
2.13980119732317e+02
2.04584038999739e+02
1.94433658204049e+02
1.83561485048665e+02
1.72002651813443e+02
1.59794802728444e+02
1.46977972219934e+02
1.33594454418899e+02
1.19688664354112e+02
1.05306991282180e+02
9.04976446359219e+01
7.53104930997983e+01
5.97968973468103e+01
4.40095369951939e+01
2.80022323653293e+01
1.18297616374085e+01
-4.45232597146855e+00
-2.07879003760652e+01
-3.71204434890514e+01
-5.33932441240378e+01
-6.95495942658872e+01
-8.55329860314461e+01
-1.01287308639024e+02
-1.16757044702491e+02
-1.31887465165747e+02
-1.46624822195630e+02
-1.60916539355952e+02
-1.74711398392391e+02
-1.87959721967368e+02
-2.00613551695702e+02
-2.12626820845896e+02
-2.23955521088117e+02
-2.34557862688440e+02
-2.44394427569539e+02
-2.53428314680707e+02
-2.61625277144822e+02
-2.68953850676544e+02
-2.75385472794537e+02
-2.80894592380781e+02
-2.85458769171985e+02
-2.89058762801600e+02
-2.91678611045860e+02
-2.93305696963546e+02
-2.93930804656656e+02
-2.93548163417685e+02
-2.92155480068749e+02
-2.89753959338107e+02
-2.86348312160611e+02
-2.81946751830206e+02
-2.76560977974476e+02
-2.70206148363496e+02
-2.62900838607493e+02
-2.54666989840120e+02
-2.45529844526204e+02
-2.35517870574591e+02
-2.24662673977953e+02
-2.12998900242101e+02
-2.00564124907178e+02
-1.87398733502126e+02
-1.73545791311691e+02
-1.59050903371999e+02
-1.43962065146166e+02
-1.28329504365348e+02
-1.12205514553105e+02
-9.56442807816381e+01
-7.87016982374392e+01
-6.14351842008940e+01
-4.39034840694290e+01
-2.61664720767170e+01
-8.28494738120887e+00
9.67957378425990e+00
2.76650691938939e+01
4.56092242197516e+01
6.34496471990245e+01
8.11240858360712e+01
9.85706438912627e+01
1.15727997405037e+02
1.32535609704490e+02
1.48933944441397e+02
1.64864675914685e+02
1.80270895937210e+02
1.95097316515977e+02
2.09290467626973e+02
2.22798889380174e+02
2.35573317887343e+02
2.47566864164589e+02
2.58735185423543e+02
2.69036648129078e+02
2.78432482227937e+02
2.86886925981143e+02
2.94367360863713e+02
3.00844436027758e+02
3.06292181859535e+02
3.10688112197219e+02
3.14013314813991e+02
3.16252529810425e+02
3.17394215600842e+02
3.17430602220315e+02
3.16357731722033e+02
3.14175485478789e+02
3.10887598247151e+02
3.06501658898381e+02
3.01029097766111e+02
2.94485160607099e+02
2.86888869217890e+02
2.78262968796683e+02
2.68633862186077e+02
2.58031531178418e+02
2.46489445111046e+02
2.34044457023699e+02
2.20736687694508e+02
2.06609397914223e+02
1.91708849400479e+02
1.76084154794743e+02
1.59787117224141e+02
1.42872059948264e+02
1.25395646647381e+02
1.07416692942946e+02
8.89959697738602e+01
7.01959992824332e+01
5.10808438923461e+01
3.17158892869808e+01
1.21676220201902e+01
-7.49659748717696e+00
-2.72087657929721e+01
-4.69004703335558e+01
-6.65031255761963e+01
-8.59482106118701e+01
-1.05167507368380e+02
-1.24093338618640e+02
-1.42658804956763e+02
-1.60798019915208e+02
-1.78446342399810e+02
-1.95540605625840e+02
-2.12019341747566e+02
-2.27823001385811e+02
-2.42894167272943e+02
-2.57177761252366e+02
-2.70621243889971e+02
-2.83174805978001e+02
-2.94791551237424e+02
-3.05427669552991e+02
-3.15042600105662e+02
-3.23599183799962e+02
-3.31063804418809e+02
-3.37406517975541e+02
-3.42601169771974e+02
-3.46625498712236e+02
-3.49461228464858e+02
-3.51094145109773e+02
-3.51514160952547e+02
-3.50715364235109e+02
-3.48696054520217e+02
-3.45458763575917e+02
-3.41010261635956e+02
-3.35361548962495e+02
-3.28527832688236e+02
-3.20528488966121e+02
-3.11387010505906e+02
-3.01130939627943e+02
-2.89791787015255e+02
-2.77404936395327e+02
-2.64009535432707e+02
-2.49648373162407e+02
-2.34367744342026e+02
-2.18217301147262e+02
-2.01249892680972e+02
-1.83521392809930e+02
-1.65090516885777e+02
-1.46018627947265e+02
-1.26369533039534e+02
-1.06209270322740e+02
-8.56058876767421e+01
-6.46292135405797e+01
-4.33506207550743e+01
-2.18427842039195e+01
-1.79433072966447e-01
2.15649014309667e+01
4.33151420416980e+01
6.49959241997909e+01
8.65318567344181e+01
1.07847783562423e+02
1.28869045499306e+02
1.49521741273257e+02
1.69732986832906e+02
1.89431172042171e+02
2.08546213861419e+02
2.27009805123202e+02
2.44755658022940e+02
2.61719741460167e+02
2.77840511384260e+02
2.93059133319857e+02
3.07319696271405e+02
3.20569417233405e+02
3.32758835562763e+02
3.43841996502288e+02
3.53776623179483e+02
3.62524276442444e+02
3.70050501934644e+02
3.76324963852589e+02
3.81321564874606e+02
3.85018551795249e+02
3.87398606447793e+02
3.88448921546922e+02
3.88161261134750e+02
3.86532005365720e+02
3.83562179419328e+02
3.79257466384029e+02
3.73628204010785e+02
3.66689365290383e+02
3.58460522864663e+02
3.48965797337980e+02
3.38233789611384e+02
3.26297497417907e+02
3.13194216292869e+02
2.98965425267992e+02
2.83656657632176e+02
2.67317357154906e+02
2.50000720220108e+02
2.31763524368822e+02
2.12665943798012e+02
1.92771352410077e+02
1.72146115052986e+02
1.50859367634193e+02
1.28982786832621e+02
1.06590350171621e+02
8.37580872520371e+01
6.05638229780358e+01
3.70869136390814e+01
1.34079767393481e+01
-1.03913845092925e+01
-3.42288610927950e+01
-5.80217215424487e+01
-8.16870977525267e+01
-1.05142272284192e+02
-1.28304966163150e+02
-1.51093626173291e+02
-1.73427710646812e+02
-1.95227972752957e+02
-2.16416740292704e+02
-2.36918191015328e+02
-2.56658622484840e+02
-2.75566715539820e+02
-2.93573790408965e+02
-3.10614054566946e+02
-3.26624841440531e+02
-3.41546839103631e+02
-3.55324308131581e+02
-3.67905287819753e+02
-3.79241790009121e+02
-3.89289979801827e+02
-3.98010342492751e+02
-4.05367836088578e+02
-4.11332028833711e+02
-4.15877221212367e+02
-4.18982551948248e+02
-4.20632087577056e+02
-4.20814895222667e+02
-4.19525098264811e+02
-4.16761914644424e+02
-4.12529677612213e+02
-4.06837838786307e+02
-3.99700953445780e+02
-3.91138648048307e+02
-3.81175570021890e+02
-3.69841319942329e+02
-3.57170366269689e+02
-3.43201942878183e+02
-3.27979929674500e+02
-3.11552716659364e+02
-2.93973051845861e+02
-2.75297873505632e+02
-2.55588127270072e+02
-2.34908568668177e+02
-2.13327551735304e+02
-1.90916804377710e+02
-1.67751191226167e+02
-1.43908464758008e+02
-1.19469005510405e+02
-9.45155522485315e+01
-6.91329229901708e+01
-4.34077278232605e+01
-1.74280744847102e+01
8.71673230263997e+00
3.49364967128360e+01
6.11404418755869e+01
8.72375230489868e+01
1.13136742829609e+02
1.38747467312517e+02
1.63979742106591e+02
1.88744607107206e+02
2.12954408928749e+02
2.36523109903680e+02
2.59366592562932e+02
2.81402958524301e+02
3.02552820731083e+02
3.22739588002606e+02
3.41889740881303e+02
3.59933097787643e+02
3.76803070524375e+02
3.92436908205173e+02
4.06775928719673e+02
4.19765736887060e+02
4.31356428493605e+02
4.41502779455705e+02
4.50164419398979e+02
4.57305988995598e+02
4.62897280456071e+02
4.66913360628124e+02
4.69334676213746e+02
4.70147140675866e+02
4.69342202468198e+02
4.66916894285358e+02
4.62873863095199e+02
4.57221380781217e+02
4.49973335289594e+02
4.41149202242806e+02
4.30773997049392e+02
4.18878207607341e+02
4.05497707766283e+02
3.90673651781080e+02
3.74452350056234e+02
3.56885126546590e+02
3.38028158244763e+02
3.17942297249483e+02
2.96692875971269e+02
2.74349496092384e+02
2.50985801956598e+02
2.26679239120754e+02
2.01510798854255e+02
1.75564749424138e+02
1.48928355052279e+02
1.21691583477177e+02
9.39468030956778e+01
6.57884706995704e+01
3.73128108582773e+01
8.61748803155677e+00
-2.01987274747845e+01
-4.90362985718706e+01
-7.77952643096694e+01
-1.06375585480609e+02
-1.34677491714178e+02
-1.62601828862442e+02
-1.90050405471121e+02
-2.16926337129856e+02
-2.43134387498338e+02
-2.68581304812326e+02
-2.93176152685027e+02
-3.16830634034957e+02
-3.39459406991145e+02
-3.60980391650359e+02
-3.81315066588817e+02
-4.00388754062568e+02
-4.18130892866249e+02
-4.34475297859152e+02
-4.49360405210324e+02
-4.62729502460710e+02
-4.74530942549841e+02
-4.84718341007319e+02
-4.93250755564925e+02
-5.00092847503651e+02
-5.05215024110947e+02
-5.08593561686879e+02
-5.10210708603451e+02
-5.10054767988888e+02
-5.08120159677905e+02
-5.04407461139724e+02
-4.98923427167619e+02
-4.91680988186717e+02
-4.82699227110567e+02
-4.72003334751228e+02
-4.59624543862108e+02
-4.45600041967291e+02
-4.29972863205272e+02
-4.12791759488735e+02
-3.94111051354857e+02
-3.73990458952525e+02
-3.52494913683341e+02
-3.29694351082351e+02
-3.05663485591622e+02
-2.80481567944968e+02
-2.54232125945058e+02
-2.27002689474557e+02
-1.98884500640676e+02
-1.69972210007282e+02
-1.40363559920425e+02
-1.10159055981470e+02
-7.94616277669337e+01
-4.83762799353049e+01
-1.70097348985449e+01
1.45299317305870e+01
4.61336616748973e+01
7.76917892471709e+01
1.09094420036148e+02
1.40231811721134e+02
1.70994755700323e+02
2.01274958210476e+02
2.30965419612678e+02
2.59960810520619e+02
2.88157843454137e+02
3.15455638711664e+02
3.41756083170690e+02
3.66964180745373e+02
3.90988393254912e+02
4.13740970485232e+02
4.35138268259735e+02
4.55101053372378e+02
4.73554794277895e+02
4.90429936479566e+02
5.05662161604339e+02
5.19192629208196e+02
5.30968200411266e+02
5.40941642522110e+02
5.49071813873661e+02
5.55323828159282e+02
5.59669197626097e+02
5.62085954553886e+02
5.62558750521262e+02
5.61078933036188e+02
5.57644599185055e+02
5.52260626033088e+02
5.44938677588668e+02
5.35697188224872e+02
5.24561322532915e+02
5.11562911663931e+02
4.96740366297371e+02
4.80138566455964e+02
4.61808728468346e+02
4.41808249460887e+02
4.20200529839632e+02
3.97054774301303e+02
3.72445771988777e+02
3.46453656481064e+02
3.19163646380219e+02
2.90665767327733e+02
2.61054556350321e+02
2.30428749499601e+02
1.98890953811520e+02
1.66547304669475e+02
1.33507109709572e+02
9.98824804571850e+01
6.57879529308026e+01
3.13400984917781e+01
-3.34287374302090e+00
-3.81415215747232e+01
-7.29355801018447e+01
-1.07604376400591e+02
-1.42027247081234e+02
-1.76083957280734e+02
-2.09655119641693e+02
-2.42622611822726e+02
-2.74869991085256e+02
-3.06282904506830e+02
-3.36749493381096e+02
-3.66160790379732e+02
-3.94411108071731e+02
-4.21398417420510e+02
-4.47024714909280e+02
-4.71196376979834e+02
-4.93824500509363e+02
-5.14825228093896e+02
-5.34120056955372e+02
-5.51636130342112e+02
-5.67306510349205e+02
-5.81070431146134e+02
-5.92873531663392e+02
-6.02668066857873e+02
-6.10413096748082e+02
-6.16074652484580e+02
-6.19625878798231e+02
-6.21047152248547e+02
-6.20326174776405e+02
-6.17458042149475e+02
-6.12445286974361e+02
-6.05297896036710e+02
-5.96033301818783e+02
-5.84676348133170e+02
-5.71259229900972e+02
-5.55821407192660e+02
-5.38409493739621e+02
-5.19077120213777e+02
-4.97884772661316e+02
-4.74899606564224e+02
-4.50195237089606e+02
-4.23851506171424e+02
-3.95954227152005e+02
-3.66594907791167e+02
-3.35870452528736e+02
-3.03882844961422e+02
-2.70738811567063e+02
-2.36549467778041e+02
-2.01429947570797e+02
-1.65499017799747e+02
-1.28878678561161e+02
-9.16937509256325e+01
-5.40714534262916e+01
-1.61409687338767e+01
2.19669980111507e+01
6.01206677051031e+01
9.81876410928094e+01
1.36035356327420e+02
1.73531548702607e+02
2.10544710968419e+02
2.46944552634421e+02
2.82602456661682e+02
3.17391931948615e+02
3.51189060024653e+02
3.83872934380342e+02
4.15326090882406e+02
4.45434927747914e+02
4.74090113582531e+02
5.01186982024054e+02
5.26625911573797e+02
5.50312689244877e+02
5.72158856707804e+02
5.92082037669933e+02
6.10006245286068e+02
6.25862168462604e+02
6.39587435986910e+02
6.51126857486902e+02
6.60432640302696e+02
6.67464581432676e+02
6.72190233799904e+02
6.74585046171343e+02
6.77005272002827e+02
6.79450562169904e+02
6.81920470821784e+02
6.84414456910865e+02
6.86931886054105e+02
6.89472032719825e+02
6.92034082732309e+02
6.94617136085557e+02
6.97220210056392e+02
6.99842242606133e+02
7.02482096059035e+02
7.05138561044722e+02
7.07810360690931e+02
7.10496155052026e+02
7.13194545757904e+02
7.15904080867167e+02
7.18623259907708e+02
7.21350539087221e+02
7.24084336655565e+02
7.26823038400345e+02
7.29565003256654e+02
7.32308569011514e+02
7.35052058083187e+02
7.37793783355339e+02
7.40532054045766e+02
7.43265181589343e+02
7.45991485514767e+02
7.48709299294686e+02
7.51416976148929e+02
7.54112894780676e+02
7.56795465025664e+02
7.59463133394826e+02
7.62114388491115e+02
7.64747766281708e+02
7.67361855207304e+02
7.69955301110763e+02
7.72526811967984e+02
7.75075162404605e+02
7.77599197982827e+02
7.80097839243501e+02
7.82570085489430e+02
7.85015018296757e+02
7.87431804742240e+02
7.89819700335219e+02
7.92178051644081e+02
7.94506298608114e+02
7.96803976526708e+02
7.99070717718999e+02
8.01306252848192e+02
8.03510411905949e+02
8.05683124853435e+02
8.07824421916770e+02
8.09934433535866e+02
8.12013389966824e+02
8.14061620539239e+02
8.16079552571013e+02
8.18067709944407e+02
8.20026711348282e+02
8.21957268192609e+02
8.23860182202486e+02
8.25736342699997e+02
8.27586723583330e+02
8.29412380013646e+02
8.31214444821171e+02
8.32994124642979e+02
8.34752695805859e+02
8.36491499968544e+02
8.38211939538418e+02
8.39915472878588e+02
8.41603609321954e+02
8.43277904009555e+02
8.44939952571116e+02
8.46591385666219e+02
8.48233863405045e+02
8.49869069668043e+02
8.51498706344216e+02
8.53124487508004e+02
8.54748133554986e+02
8.56371365316704e+02
8.57995898175051e+02
8.59623436196622e+02
8.61255666307367e+02
8.62894252527766e+02
8.64540830288500e+02
8.66197000846351e+02
8.67864325819673e+02
8.69544321862413e+02
8.71238455495126e+02
8.72948138110926e+02
8.74674721173682e+02
8.76419491625108e+02
8.78183667516682e+02
8.79968393881527e+02
8.81774738860568e+02
8.83603690096404e+02
8.85456151407382e+02
8.87332939753400e+02
8.89234782503977e+02
8.91162315018017e+02
8.93116078543683e+02
8.95096518445644e+02
8.97103982765820e+02
8.99138721122623e+02
9.01200883952484e+02
9.03290522096285e+02
9.05407586732122e+02
9.07551929654603e+02
9.09723303899711e+02
9.11921364713029e+02
9.14145670857967e+02
9.16395686259426e+02
9.18670781977168e+02
9.20970238502052e+02
9.23293248367120e+02
9.25638919064481e+02
9.28006276257828e+02
9.30394267279444e+02
9.32801764899524e+02
9.35227571354736e+02
9.37670422621992e+02
9.40128992922615e+02
9.42601899441220e+02
9.45087707242938e+02
9.47584934371889e+02
9.50092057113190e+02
9.52607515400226e+02
9.55129718348399e+02
9.57657049896124e+02
9.60187874533483e+02
9.62720543098646e+02
9.65253398621900e+02
9.67784782197020e+02
9.70313038859555e+02
9.72836523451631e+02
9.75353606452890e+02
9.77862679757316e+02
9.80362162375875e+02
9.82850506045167e+02
9.85326200722593e+02
9.87787779948973e+02
9.90233826059957e+02
9.92662975228141e+02
9.95073922318373e+02
9.97465425539372e+02
9.99836310875494e+02
1.00218547628327e+03
1.00451189563809e+03
1.00681462241739e+03
1.00909279310743e+03
1.01134563032196e+03
1.01357244562180e+03
1.01577264202563e+03
1.01794571620321e+03
1.02009126034335e+03
1.02220896369030e+03
1.02429861374302e+03
1.02636009711322e+03
1.02839340003920e+03
1.03039860855371e+03
1.03237590830512e+03
1.03432558403259e+03
1.03624801869709e+03
1.03814369227107e+03
1.04001318019124e+03
1.04185715147960e+03
1.04367636653921e+03
1.04547167463261e+03
1.04724401105122e+03
1.04899439398584e+03
1.05072392110901e+03
1.05243376588092e+03
1.05412517359196e+03
1.05579945715535e+03
1.05745799266462e+03
1.05910221473121e+03
1.06073361161849e+03
1.06235372018895e+03
1.06396412068214e+03
1.06556643134144e+03
1.06716230290830e+03
1.06875341300311e+03
1.07034146041200e+03
1.07192815929961e+03
1.07351523336774e+03
1.07510440998016e+03
1.07669741427403e+03
1.07829596327828e+03
1.07990176005934e+03
1.08151648791459e+03
1.08314180463357e+03
1.08477933684694e+03
1.08643067448275e+03
1.08809736534921e+03
1.08978090986285e+03
1.09148275594015e+03
1.09320429407064e+03
1.09494685258828e+03
1.09671169315768e+03
1.09850000649075e+03
1.10031290830870e+03
1.10215143556320e+03
1.10401654293010e+03
1.10590909958757e+03
1.10782988629005e+03
1.10977959274795e+03
1.11175881532242e+03
1.11376805504294e+03
1.11580771595474e+03
1.11787810380176e+03
1.11997942504962e+03
1.12211178625210e+03
1.12427519376322e+03
1.12646955379597e+03
1.12869467282742e+03
1.13095025834885e+03
1.13323591995820e+03
1.13555117079117e+03
1.13789542928585e+03
1.14026802127480e+03
1.14266818239742e+03
1.14509506082396e+03
1.14754772028203e+03
1.15002514337479e+03
1.15252623517958e+03
1.15504982711420e+03
1.15759468105772e+03
1.16015949371119e+03
1.16274290118342e+03
1.16534348378559e+03
1.16795977101838e+03
1.17059024673399e+03
1.17323335445530e+03
1.17588750283371e+03
1.17855107122659e+03
1.18122241537511e+03
1.18389987316268e+03
1.18658177043393e+03
1.18926642685415e+03
1.19195216178888e+03
1.19463730018297e+03
1.19732017841907e+03
1.19999915013492e+03
1.20267259197940e+03
1.20533890928727e+03
1.20799654165302e+03
1.21064396838425e+03
1.21327971381601e+03
1.21590235246722e+03
1.21851051402164e+03
1.22110288811589e+03
1.22367822891797e+03
1.22623535948035e+03
1.22877317585253e+03
1.23129065093890e+03
1.23378683808824e+03
1.23626087440273e+03
1.23871198375472e+03
1.24113947950096e+03
1.24354276688468e+03
1.24592134511748e+03
1.24827480913340e+03
1.25060285100950e+03
1.25290526104766e+03
1.25518192851411e+03
1.25743284203392e+03
1.25965808963926e+03
1.26185785847107e+03
1.26403243413541e+03
1.26618219971642e+03
1.26830763444964e+03
1.27040931206005e+03
1.27248789877069e+03
1.27454415098880e+03
1.27657891267746e+03
1.27859311242183e+03
1.28058776020030e+03
1.28256394387157e+03
1.28452282539003e+03
1.28646563676240e+03
1.28839367575990e+03
1.29030830140053e+03
1.29221092921744e+03
1.29410302632962e+03
1.29598610633203e+03
1.29786172402305e+03
1.29973146998737e+03
1.30159696505327e+03
1.30345985464339e+03
1.30532180303878e+03
1.30718448757593e+03
1.30904959279712e+03
1.31091880457420e+03
1.31279380422643e+03
1.31467626265256e+03
1.31656783449769e+03
1.31847015237507e+03
1.32038482116296e+03
1.32231341239630e+03
1.32425745877264e+03
1.32621844879151e+03
1.32819782154570e+03
1.33019696168266e+03
1.33221719455339e+03
1.33425978156580e+03
1.33632591575855e+03
1.33841671761079e+03
1.34053323110241e+03
1.34267642003828e+03
1.34484716464960e+03
1.34704625848370e+03
1.34927440559354e+03
1.35153221803635e+03
1.35382021369032e+03
1.35613881439666e+03
1.35848834443390e+03
1.36086902932922e+03
1.36328099501145e+03
1.36572426730827e+03
1.36819877178966e+03
1.37070433395800e+03
1.37324067978420e+03
1.37580743658803e+03
1.37840413425962e+03
1.38103020681782e+03
1.38368499430015e+03
1.38636774497767e+03
1.38907761788716e+03
1.39181368567183e+03
1.39457493772071e+03
1.39736028359578e+03
1.40016855673509e+03
1.40299851841885e+03
1.40584886198494e+03
1.40871821727906e+03
1.41160515532411e+03
1.41450819319277e+03
1.41742579906610e+03
1.42035639746092e+03
1.42329837460760e+03
1.42625008395973e+03
1.42920985181660e+03
1.43217598303883e+03
1.43514676683751e+03
1.43812048261665e+03
1.44109540584872e+03
1.44406981396294e+03
1.44704199222581e+03
1.45001023959361e+03
1.45297287451637e+03
1.45592824067351e+03
1.45887471262087e+03
1.46181070132985e+03
1.46473465959937e+03
1.46764508732171e+03
1.47054053658431e+03
1.47341961658949e+03
1.47628099837526e+03
1.47912341932080e+03
1.48194568742089e+03
1.48474668531464e+03
1.48752537405442e+03
1.49028079660199e+03
1.49301208103967e+03
1.49571844348550e+03
1.49839919070218e+03
1.50105372239086e+03
1.50368153316174e+03
1.50628221417476e+03
1.50885545444459e+03
1.51140104180554e+03
1.51391886353286e+03
1.51640890661859e+03
1.51887125770069e+03
1.52130610264592e+03
1.52371372578796e+03
1.52609450882321e+03
1.52844892936840e+03
1.53077755918482e+03
1.53308106207546e+03
1.53536019146234e+03
1.53761578765245e+03
1.53984877480182e+03
1.54206015758830e+03
1.54425101760457e+03
1.54642250948387e+03
1.54857585677209e+03
1.55071234756038e+03
1.55283332989351e+03
1.55494020697003e+03
1.55703443215069e+03
1.55911750379277e+03
1.56119095992794e+03
1.56325637280236e+03
1.56531534329791e+03
1.56736949525395e+03
1.56942046970929e+03
1.57146991908441e+03
1.57351950132417e+03
1.57557087402127e+03
1.57762568854092e+03
1.57968558416721e+03
1.58175218229131e+03
1.58382708066191e+03
1.58591184771771e+03
1.58800801702177e+03
1.59011708181695e+03
1.59224048972139e+03
1.59437963758253e+03
1.59653586650739e+03
1.59871045708655e+03
1.60090462482831e+03
1.60311951581892e+03
1.60535620262397e+03
1.60761568044520e+03
1.60989886354600e+03
1.61220658195818e+03
1.61453957848132e+03
1.61689850598511e+03
1.61928392502425e+03
1.62169630177399e+03
1.62413600629363e+03
1.62660331112395e+03
1.62909839022350e+03
1.63162131824743e+03
1.63417207017144e+03
1.63675052126203e+03
1.63935644739337e+03
1.64198952570954e+03
1.64464933562997e+03
1.64733536019449e+03
1.65004698774350e+03
1.65278351392728e+03
1.65554414403761e+03
1.65832799565355e+03
1.66113410159226e+03
1.66396141315460e+03
1.66680880365429e+03
1.66967507221834e+03
1.67255894784573e+03
1.67545909371006e+03
1.67837411169141e+03
1.68130254712165e+03
1.68424289372672e+03
1.68719359874878e+03
1.69015306823047e+03
1.69311967244295e+03
1.69609175143886e+03
1.69906762071099e+03
1.70204557693704e+03
1.70502390379056e+03
1.70800087779777e+03
1.71097477422021e+03
1.71394387294263e+03
1.71690646434567e+03
1.71986085514320e+03
1.72280537416374e+03
1.72573837805624e+03
1.72865825690020e+03
1.73156343970074e+03
1.73445239974966e+03
1.73732365983374e+03
1.74017579727232e+03
1.74300744876665e+03
1.74581731504425e+03
1.74860416528209e+03
1.75136684129333e+03
1.75410426146299e+03
1.75681542441913e+03
1.75949941242649e+03
1.76215539449113e+03
1.76478262916512e+03
1.76738046704160e+03
1.76994835293163e+03
1.77248582771517e+03
1.77499252985988e+03
1.77746819660246e+03
1.77991266478833e+03
1.78232587136699e+03
1.78470785354101e+03
1.78705874856854e+03
1.78937879321965e+03
1.79166832288867e+03
1.79392777036555e+03
1.79615766427039e+03
1.79835862715676e+03
1.80053137329033e+03
1.80267670611046e+03
1.80479551538371e+03
1.80688877405901e+03
1.80895753483550e+03
1.81100292645498e+03
1.81302614973177e+03
1.81502847333377e+03
1.81701122932950e+03
1.81897580851638e+03
1.82092365554662e+03
1.82285626386760e+03
1.82477517049430e+03
1.82668195063193e+03
1.82857821216738e+03
1.83046559004879e+03
1.83234574057245e+03
1.83422033559723e+03
1.83609105670623e+03
1.83795958933633e+03
1.83982761689562e+03
1.84169681488943e+03
1.84356884507524e+03
1.84544534966666e+03
1.84732794560686e+03
1.84921821893097e+03
1.85111771923741e+03
1.85302795428698e+03
1.85495038474877e+03
1.85688641911083e+03
1.85883740877357e+03
1.86080464334262e+03
1.86278934613779e+03
1.86479266993338e+03
1.86681569294502e+03
1.86885941507656e+03
1.87092475444038e+03
1.87301254416299e+03
1.87512352948704e+03
1.87725836517992e+03
1.87941761325780e+03
1.88160174103302e+03
1.88381111949174e+03
1.88604602200730e+03
1.88830662339395e+03
1.89059299930399e+03
1.89290512597070e+03
1.89524288029765e+03
1.89760604029440e+03
1.89999428585672e+03
1.90240719988897e+03
1.90484426976448e+03
1.90730488911899e+03
1.90978835997094e+03
1.91229389516110e+03
1.91482062110325e+03
1.91736758083631e+03
1.91993373736721e+03
1.92251797729305e+03
1.92511911468988e+03
1.92773589525467e+03
1.93036700068601e+03
1.93301105328836e+03
1.93566662078399e+03
1.93833222131561e+03
1.94100632862272e+03
1.94368737737331e+03
1.94637376863277e+03
1.94906387545068e+03
1.95175604854636e+03
1.95444862207331e+03
1.95713991944255e+03
1.95982825918462e+03
1.96251196082994e+03
1.96518935078712e+03
1.96785876819874e+03
1.97051857075431e+03
1.97316714044028e+03
1.97580288920704e+03
1.97842426453333e+03
1.98102975486866e+03
1.98361789493487e+03
1.98618727086850e+03
1.98873652518600e+03
1.99126436155453e+03
1.99376954935198e+03
1.99625092800009e+03
1.99870741105587e+03
2.00113799004697e+03
2.00354173803773e+03
2.00591781291346e+03
2.00826546037171e+03
2.01058401660992e+03
2.01287291070025e+03
2.01513166664328e+03
2.01735990509357e+03
2.01955734475078e+03
2.02172380341195e+03
2.02385919868076e+03
2.02596354833183e+03
2.02803697032834e+03
2.03007968249318e+03
2.03209200183460e+03
2.03407434352879e+03
2.03602721956283e+03
2.03795123704277e+03
2.03984709617270e+03
2.04171558791166e+03
2.04355759131681e+03
2.04537407058173e+03
2.04716607178037e+03
2.04893471932781e+03
2.05068121217010e+03
2.05240681971646e+03
2.05411287752792e+03
2.05580078277724e+03
2.05747198949604e+03
2.05912800362545e+03
2.06077037788759e+03
2.06240070649549e+03
2.06402061972000e+03
2.06563177833229e+03
2.06723586794152e+03
2.06883459324698e+03
2.07042967222486e+03
2.07202283026977e+03
2.07361579431122e+03
2.07521028692563e+03
2.07680802046416e+03
2.07841069121673e+03
2.08001997363254e+03
2.08163751461710e+03
2.08326492792554e+03
2.08490378867155e+03
2.08655562797123e+03
2.08822192774015e+03
2.08990411566185e+03
2.09160356034509e+03
2.09332156668679e+03
2.09505937145660e+03
2.09681813911845e+03
2.09859895790360e+03
2.10040283614879e+03
2.10223069891209e+03
2.10408338487835e+03
2.10596164356482e+03
2.10786613283666e+03
2.10979741674100e+03
2.11175596366701e+03
2.11374214483828e+03
2.11575623314289e+03
2.11779840230505e+03
2.11986872640123e+03
2.12196717972247e+03
2.12409363698328e+03
2.12624787387643e+03
2.12842956797167e+03
2.13063829995514e+03
2.13287355520544e+03
2.13513472570050e+03
2.13742111224888e+03
2.13973192703764e+03
2.14206629648794e+03
2.14442326440839e+03
2.14680179543534e+03
2.14920077874787e+03
2.15161903204492e+03
2.15405530577045e+03
2.15650828757209e+03
2.15897660697777e+03
2.16145884027408e+03
2.16395351556934e+03
2.16645911802390e+03
2.16897409522949e+03
2.17149686271877e+03
2.17402580958621e+03
2.17655930420050e+03
2.17909569998887e+03
2.18163334127309e+03
2.18417056913692e+03
2.18670572730462e+03
2.18923716801015e+03
2.19176325783661e+03
2.19428238350563e+03
2.19679295759668e+03
2.19929342417632e+03
2.20178226431800e+03
2.20425800149298e+03
2.20671920681394e+03
2.20916450411285e+03
2.21159257483552e+03
2.21400216273588e+03
2.21639207835357e+03
2.21876120325943e+03
2.22110849405399e+03
2.22343298610518e+03
2.22573379701215e+03
2.22801012978333e+03
2.23026127571752e+03
2.23248661697808e+03
2.23468562885128e+03
2.23685788168085e+03
2.23900304247216e+03
2.24112087616031e+03
2.24321124653778e+03
2.24527411683836e+03
2.24730954997541e+03
2.24931770843344e+03
2.25129885381357e+03
2.25325334603423e+03
2.25518164219008e+03
2.25708429507283e+03
2.25896195135934e+03
2.26081534947309e+03
2.26264531712650e+03
2.26445276855256e+03
2.26623870143552e+03
2.26800419355100e+03
2.26975039912746e+03
2.27147854494140e+03
2.27318992616005e+03
2.27488590194570e+03
2.27656789083718e+03
2.27823736592431e+03
2.27989584983214e+03
2.28154490953236e+03
2.28318615099989e+03
2.28482121373305e+03
2.28645176515659e+03
2.28807949492665e+03
2.28970610915770e+03
2.29133332459124e+03
2.29296286272674e+03
2.29459644393486e+03
2.29623578157370e+03
2.29788257612818e+03
2.29953850939314e+03
2.30120523872017e+03
2.30288439134811e+03
2.30457755883706e+03
2.30628629162499e+03
2.30801209372597e+03
2.30975641758837e+03
2.31152065913082e+03
2.31330615297322e+03
2.31511416787929e+03
2.31694590242646e+03
2.31880248091818e+03
2.32068494955273e+03
2.32259427286190e+03
2.32453133043179e+03
2.32649691391732e+03
2.32849172436042e+03
2.33051636982163e+03
2.33257136333300e+03
2.33465712117950e+03
2.33677396151493e+03
2.33892210331709e+03
2.34110166568580e+03
2.34331266748619e+03
2.34555502733860e+03
2.34782856395499e+03
2.35013299682072e+03
2.35246794721936e+03
2.35483293959695e+03
2.35722740326093e+03
2.35965067440790e+03
2.36210199847311e+03
2.36458053279358e+03
2.36708534957549e+03
2.36961543915570e+03
2.37216971354589e+03
2.37474701024722e+03
2.37734609632200e+03
2.37996567270858e+03
2.38260437876408e+03
2.38526079701954e+03
2.38793345813083e+03
2.39062084600802e+03
2.39332140310568e+03
2.39603353585550e+03
2.39875562022246e+03
2.40148600736531e+03
2.40422302938164e+03
2.40696500511766e+03
2.40971024602239e+03
2.41245706202619e+03
2.41520376742297e+03
2.41794868673576e+03
2.42069016054541e+03
2.42342655126191e+03
2.42615624881857e+03
2.42887767626918e+03
2.43158929526863e+03
2.43428961141822e+03
2.43697717945682e+03
2.43965060828008e+03
2.44230856577014e+03
2.44494978341918e+03
2.44757306073067e+03
2.45017726938309e+03
2.45276135714169e+03
2.45532435150469e+03
2.45786536307121e+03
2.46038358861942e+03
2.46287831388398e+03
2.46534891602334e+03
2.46779486576828e+03
2.47021572924413e+03
2.47261116946050e+03
2.47498094746329e+03
2.47732492314498e+03
2.47964305571030e+03
2.48193540379594e+03
2.48420212524354e+03
2.48644347652700e+03
2.48865981183601e+03
2.49085158181898e+03
2.49301933198977e+03
2.49516370080369e+03
2.49728541740962e+03
2.49938529908572e+03
2.50146424836809e+03
2.50352324988188e+03
2.50556336688632e+03
2.50758573754515e+03
2.50959157093596e+03
2.51158214281176e+03
2.51355879112994e+03
2.51552291136385e+03
2.51747595161339e+03
2.51941940753157e+03
2.52135481708473e+03
2.52328375516442e+03
2.52520782806989e+03
2.52712866788010e+03
2.52904792673504e+03
2.53096727104599e+03
2.53288837565495e+03
2.53481291796355e+03
2.53674257205164e+03
2.53867900280619e+03
2.54062386008081e+03
2.54257877290608e+03
2.54454534377094e+03
2.54652514299488e+03
2.54851970321056e+03
2.55053051397591e+03
2.55255901653454e+03
2.55460659874259e+03
2.55667459017962e+03
2.55876425746055e+03
2.56087679976493e+03
2.56301334459908e+03
2.56517494380577e+03
2.56736256983533e+03
2.56957711229116e+03
2.57181937476164e+03
2.57409007194935e+03
2.57638982710776e+03
2.57871916979415e+03
2.58107853394653e+03
2.58346825629155e+03
2.58588857508845e+03
2.58833962921390e+03
2.59082145759059e+03
2.59333399896178e+03
2.59587709201243e+03
2.59845047583663e+03
2.60105379074971e+03
2.60368657944207e+03
2.60634828847107e+03
2.60903827008538e+03
2.61175578437590e+03
2.61450000174548e+03
2.61727000568903e+03
2.62006479587444e+03
2.62288329151345e+03
2.62572433501094e+03
2.62858669587999e+03
2.63146907490899e+03
2.63437010856655e+03
2.63728837362878e+03
2.64022239201303e+03
2.64317063580113e+03
2.64613153243505e+03
2.64910347006651e+03
2.65208480304248e+03
2.65507385750713e+03
2.65806893710105e+03
2.66106832873794e+03
2.66407030843864e+03
2.66707314720240e+03
2.67007511689494e+03
2.67307449613288e+03
2.67606957614427e+03
2.67905866658465e+03
2.68204010128874e+03
2.68501224393762e+03
2.68797349362189e+03
2.69092229028134e+03
2.69385712000252e+03
2.69677652015560e+03
2.69967908435288e+03
2.70256346721163e+03
2.70542838890486e+03
2.70827263948422e+03
2.71109508295995e+03
2.71389466112383e+03
2.71667039710193e+03
2.71942139862468e+03
2.72214686100311e+03
2.72484606980078e+03
2.72751840319235e+03
2.73016333400039e+03
2.73278043140353e+03
2.73536936231010e+03
2.73792989239224e+03
2.74046188677720e+03
2.74296531039337e+03
2.74544022796970e+03
2.74788680368873e+03
2.75030530049438e+03
2.75269607905691e+03
2.75505959639857e+03
2.75739640418501e+03
2.75970714668804e+03
2.76199255842710e+03
2.76425346149747e+03
2.76649076259469e+03
2.76870544974532e+03
2.77089858875555e+03
2.77307131939004e+03
2.77522485129405e+03
2.77736045967336e+03
2.77947948074662e+03
2.78158330698626e+03
2.78367338216434e+03
2.78575119622044e+03
2.78781827996973e+03
2.78987619966927e+03
2.79192655146165e+03
2.79397095571514e+03
2.79601105128009e+03
2.79804848968146e+03
2.80008492926774e+03
2.80212202933650e+03
2.80416144425701e+03
2.80620481761032e+03
2.80825377636728e+03
2.81030992512453e+03
2.81237484041852e+03
2.81445006513757e+03
2.81653710305096e+03
2.81863741347437e+03
2.82075240609009e+03
2.82288343594003e+03
2.82503179860879e+03
2.82719872561382e+03
2.82938538001827e+03
2.83159285228219e+03
2.83382215636621e+03
2.83607422610135e+03
2.83834991183758e+03
2.84064997738271e+03
2.84297509724235e+03
2.84532585417048e+03
2.84770273703906e+03
2.85010613903433e+03
2.85253635618578e+03
2.85499358623315e+03
2.85747792783529e+03
2.85998938012361e+03
2.86252784260181e+03
2.86509311539220e+03
2.86768489982765e+03
2.87030279938734e+03
2.87294632097293e+03
2.87561487652073e+03
2.87830778494450e+03
2.88102427440177e+03
2.88376348487620e+03
2.88652447106689e+03
2.88930620557450e+03
2.89210758237337e+03
2.89492742055745e+03
2.89776446834711e+03
2.90061740734284e+03
2.90348485701135e+03
2.90636537938812e+03
2.90925748398051e+03
2.91215963285406e+03
2.91507024588465e+03
2.91798770615807e+03
2.92091036549841e+03
2.92383655010604e+03
2.92676456628563e+03
2.92969270624440e+03
2.93261925394038e+03
2.93554249096048e+03
2.93846070240800e+03
2.94137218277903e+03
2.94427524180757e+03
2.94716821025881e+03
2.95004944565082e+03
2.95291733788445e+03
2.95577031476221e+03
2.95860684737678e+03
2.96142545535055e+03
2.96422471190807e+03
2.96700324876368e+03
2.96975976080745e+03
2.97249301057317e+03
2.97520183247292e+03
2.97788513678344e+03
2.98054191337061e+03
2.98317123513895e+03
2.98577226119440e+03
2.98834423970915e+03
2.99088651047883e+03
2.99339850716304e+03
2.99587975920150e+03
2.99832989339916e+03
3.00074863517484e+03
3.00313580946896e+03
3.00549134130734e+03
3.00781525601901e+03
3.01010767910735e+03
3.01236883577505e+03
3.01459905010436e+03
3.01679874389575e+03
3.01896843516877e+03
3.02110873633050e+03
3.02322035201781e+03
3.02530407662105e+03
3.02736079149764e+03
3.02939146188537e+03
3.03139713352600e+03
3.03337892901097e+03
3.03533804386189e+03
3.03727574235934e+03
3.03919335313460e+03
3.04109226453949e+03
3.04297391981041e+03
3.04483981204346e+03
3.04669147899794e+03
3.04853049774639e+03
3.05035847918965e+03
3.05217706245607e+03
3.05398790920416e+03
3.05579269784863e+03
3.05759311772976e+03
3.05939086324633e+03
3.06118762797250e+03
3.06298509877906e+03
3.06478494997945e+03
3.06658883752087e+03
3.06839839324057e+03
3.07021521920741e+03
3.07204088216812e+03
3.07387690811779e+03
3.07572477701308e+03
3.07758591764693e+03
3.07946170270213e+03
3.08135344400125e+03
3.08326238796921e+03
3.08518971132428e+03
3.08713651701256e+03
3.08910383039988e+03
3.09109259573450e+03
3.09310367289271e+03
3.09513783441885e+03
3.09719576286970e+03
3.09927804847284e+03
3.10138518710671e+03
3.10351757860975e+03
3.10567552542408e+03
3.10785923157887e+03
3.11006880201651e+03
3.11230424226423e+03
3.11456545845205e+03
3.11685225767720e+03
3.11916434871365e+03
3.12150134306426e+03
3.12386275635185e+03
3.12624801004460e+03
3.12865643350939e+03
3.13108726638634e+03
3.13353966127606e+03
3.13601268673030e+03
3.13850533053573e+03
3.14101650327933e+03
3.14354504218306e+03
3.14608971519452e+03
3.14864922531928e+03
3.15122221518000e+03
3.15380727178635e+03
3.15640293149935e+03
3.15900768517262e+03
3.16161998345303e+03
3.16423824222205e+03
3.16686084815907e+03
3.16948616440726e+03
3.17211253632251e+03
3.17473829728516e+03
3.17736177455467e+03
3.17998129514663e+03
3.18259519171193e+03
3.18520180839751e+03
3.18779950666837e+03
3.19038667107076e+03
3.19296171491631e+03
3.19552308586757e+03
3.19806927140539e+03
3.20059880415936e+03
3.20311026708252e+03
3.20560229845266e+03
3.20807359668266e+03
3.21052292492318e+03
3.21294911544177e+03
3.21535107376317e+03
3.21772778255638e+03
3.22007830525507e+03
3.22240178939865e+03
3.22469746968252e+03
3.22696467070677e+03
3.22920280941385e+03
3.23141139720676e+03
3.23359004174031e+03
3.23573844837927e+03
3.23785642131837e+03
3.23994386436018e+03
3.24200078134819e+03
3.24402727625354e+03
3.24602355291521e+03
3.24798991443426e+03
3.24992676222468e+03
3.25183459472359e+03
3.25371400576568e+03
3.25556568262727e+03
3.25739040374688e+03
3.25918903613017e+03
3.26096253244816e+03
3.26271192783902e+03
3.26443833642417e+03
3.26614294755106e+03
3.26782702177553e+03
3.26949188659767e+03
3.27113893196596e+03
3.27276960556537e+03
3.27438540790556e+03
3.27598788722649e+03
3.27757863423878e+03
3.27915927671736e+03
3.28073147396689e+03
3.28229691117841e+03
3.28385729369650e+03
3.28541434121709e+03
3.28696978193583e+03
3.28852534666746e+03
3.29008276295651e+03
3.29164374919973e+03
3.29321000880067e+03
3.29478322437665e+03
3.29636505203823e+03
3.29795711576103e+03
3.29956100186935e+03
3.30117825365074e+03
3.30281036612032e+03
3.30445878095270e+03
3.30612488159949e+03
3.30780998860888e+03
3.30951535516390e+03
3.31124216285456e+03
3.31299151769866e+03
3.31476444642503e+03
3.31656189303204e+03
3.31838471563342e+03
3.32023368360211e+03
3.32210947502231e+03
3.32401267445829e+03
3.32594377104788e+03
3.32790315692711e+03
3.32989112599150e+03
3.33190787299836e+03
3.33395349301297e+03
3.33602798120086e+03
3.33813123296656e+03
3.34026304443862e+03
3.34242311329898e+03
3.34461103995389e+03
3.34682632904229e+03
3.34906839127641e+03
3.35133654560812e+03
3.35363002171356e+03
3.35594796278742e+03
3.35828942863705e+03
3.36065339906573e+03
3.36303877753343e+03
3.36544439508204e+03
3.36786901451180e+03
3.37031133479415e+03
3.37276999570574e+03
3.37524358266761e+03
3.37773063177249e+03
3.38022963498305e+03
3.38273904548278e+03
3.38525728316109e+03
3.38778274021346e+03
3.39031378683729e+03
3.39284877700353e+03
3.39538605428422e+03
3.39792395771554e+03
3.40046082767609e+03
3.40299501175994e+03
3.40552487062409e+03
3.40804878379003e+03
3.41056515537914e+03
3.41307241976222e+03
3.41556904710332e+03
3.41805354877869e+03
3.42052448265213e+03
3.42298045818817e+03
3.42542014138565e+03
3.42784225951419e+03
3.43024560563742e+03
3.43262904290710e+03
3.43499150861318e+03
3.43733201797583e+03
3.43964966766621e+03
3.44194363904374e+03
3.44421320109863e+03
3.44645771308947e+03
3.44867662686666e+03
3.45086948887362e+03
3.45303594181890e+03
3.45517572601312e+03
3.45728868036655e+03
3.45937474304328e+03
3.46143395177016e+03
3.46346644379918e+03
3.46547245552352e+03
3.46745232174847e+03
3.46940647461989e+03
3.47133544221377e+03
3.47323984679188e+03
3.47512040272948e+03
3.47697791412230e+03
3.47881327208109e+03
3.48062745172308e+03
3.48242150887082e+03
3.48419657646982e+03
3.48595386073741e+03
3.48769463705621e+03
3.48942024562636e+03
3.49113208689170e+03
3.49283161675567e+03
3.49452034160360e+03
3.49619981314858e+03
3.49787162311883e+03
3.49953739780497e+03
3.50119879248615e+03
3.50285748575431e+03
3.50451517375636e+03
3.50617356437404e+03
3.50783437136194e+03
3.50949930846378e+03
3.51117008352746e+03
3.51284839263931e+03
3.51453591429780e+03
3.51623430364703e+03
3.51794518678993e+03
3.51967015520090e+03
3.52141076025731e+03
3.52316850790884e+03
3.52494485350305e+03
3.52674119678526e+03
3.52855887709005e+03
3.53039916874093e+03
3.53226327667440e+03
3.53415233230326e+03
3.53606738963384e+03
3.53800942165037e+03
3.53997931697915e+03
3.54197787684405e+03
3.54400581232396e+03
3.54606374192164e+03
3.54815218945237e+03
3.55027158225988e+03
3.55242224976552e+03
3.55460442235590e+03
3.55681823061276e+03
3.55906370488774e+03
3.56134077522349e+03
3.56364927162159e+03
3.56598892465597e+03
3.56835936643013e+03
3.57076013187446e+03
3.57319066037942e+03
3.57565029775878e+03
3.57813829853609e+03
3.58065382854655e+03
3.58319596784514e+03
3.58576371391096e+03
3.58835598513667e+03
3.59097162459089e+03
3.59360940404052e+03
3.59626802821900e+03
3.59894613932574e+03
3.60164232174104e+03
3.60435510694019e+03
3.60708297858969e+03
3.60982437780782e+03
3.61257770857151e+03
3.61534134325041e+03
3.61811362824939e+03
3.62089288973943e+03
3.62367743945737e+03
3.62646558055424e+03
3.62925561347188e+03
3.63204584182739e+03
3.63483457828527e+03
3.63762015039641e+03
3.64040090638420e+03
3.64317522085720e+03
3.64594150042887e+03
3.64869818922473e+03
3.65144377425788e+03
3.65417679065412e+03
3.65689582670880e+03
3.65959952875748e+03
3.66228660584387e+03
3.66495583416862e+03
3.66760606130357e+03
3.67023621015693e+03
3.67284528267552e+03
3.67543236327127e+03
3.67799662196014e+03
3.68053731720251e+03
3.68305379843518e+03
3.68554550828628e+03
3.68801198446533e+03
3.69045286132191e+03
3.69286787106757e+03
3.69525684465679e+03
3.69761971232370e+03
3.69995650377314e+03
3.70226734802489e+03
3.70455247291209e+03
3.70681220423524e+03
3.70904696457491e+03
3.71125727176734e+03
3.71344373704796e+03
3.71560706286965e+03
3.71774804040295e+03
3.71986754672727e+03
3.72196654172250e+03
3.72404606467212e+03
3.72610723058939e+03
3.72815122627955e+03
3.73017930615152e+03
3.73219278779387e+03
3.73419304733022e+03
3.73618151457029e+03
3.73815966797352e+03
3.74012902944251e+03
3.74209115896468e+03
3.74404764912050e+03
3.74600011947742e+03
3.74795021088913e+03
3.74989957971964e+03
3.75184989201262e+03
3.75380281762582e+03
3.75576002435138e+03
3.75772317204205e+03
3.75969390676397e+03
3.76167385499631e+03
3.76366461789769e+03
3.76566776565961e+03
3.76768483196621e+03
3.76971730857980e+03
3.77176664007089e+03
3.77383421871099e+03
3.77592137954596e+03
3.77802939566710e+03
3.78015947369614e+03
3.78231274950024e+03
3.78449028415141e+03
3.78669306014479e+03
3.78892197788867e+03
3.79117785247853e+03
3.79346141076639e+03
3.79577328873555e+03
3.79811402918978e+03
3.80048407976529e+03
3.80288379127203e+03
3.80531341637031e+03
3.80777310858736e+03
3.81026292167710e+03
3.81278280932557e+03
3.81533262520283e+03
3.81791212336134e+03
3.82052095897945e+03
3.82315868944725e+03
3.82582477579129e+03
3.82851858443303e+03
3.83123938927506e+03
3.83398637410779e+03
3.83675863532834e+03
3.83955518496216e+03
3.84237495397696e+03
3.84521679587736e+03
3.84807949056800e+03
3.85096174847144e+03
3.85386221488691e+03
3.85677947457451e+03
3.85971205654908e+03
3.86265843906721e+03
3.86561705478994e+03
3.86858629610335e+03
3.87156452057855e+03
3.87455005655224e+03
3.87754120880826e+03
3.88053626434072e+03
3.88353349817850e+03
3.88653117925106e+03
3.88952757627513e+03
3.89252096364192e+03
3.89550962728447e+03
3.89849187050469e+03
3.90146601973996e+03
3.90443043024933e+03
3.90738349169948e+03
3.91032363363123e+03
3.91324933078751e+03
3.91615910828440e+03
3.91905154660725e+03
3.92192528641466e+03
3.92477903313355e+03
3.92761156132944e+03
3.93042171883685e+03
3.93320843063538e+03
3.93597070245815e+03
3.93870762412004e+03
3.94141837255418e+03
3.94410221454624e+03
3.94675850915703e+03
3.94938670982486e+03
3.95198636614071e+03
3.95455712528975e+03
3.95709873315438e+03
3.95961103507497e+03
3.96209397626567e+03
3.96454760188382e+03
3.96697205675277e+03
3.96936758473920e+03
3.97173452778683e+03
3.97407332461025e+03
3.97638450905311e+03
3.97866870811666e+03
3.98092663966518e+03
3.98315910981666e+03
3.98536701002743e+03
3.98755131388120e+03
3.98971307359339e+03
