3.55271367880050e-15
3.50348992039784e-08
7.39929131299277e-08
1.16488864665421e-07
1.62112089530098e-07
2.10428821478814e-07
2.60984650557461e-07
3.13307052302036e-07
3.66908133209165e-07
4.21287298824069e-07
4.75934147647905e-07
5.30331346837443e-07
5.83957533883961e-07
6.36290333311251e-07
6.86809265459942e-07
7.34998804929887e-07
7.80351285811776e-07
8.22369897512942e-07
8.60571545580058e-07
8.94489720515423e-07
9.23677269781820e-07
9.47709081877690e-07
9.66184726003405e-07
9.78730878564704e-07
9.85003747011604e-07
9.84691276073590e-07
9.77515241196159e-07
9.63233196316082e-07
9.41640219132012e-07
9.12570537359159e-07
8.75898900076777e-07
8.31541840717875e-07
7.79458662947263e-07
7.19652267555659e-07
6.52169755532839e-07
5.77102849952382e-07
4.94588019428477e-07
4.04806483000897e-07
3.07983926806088e-07
2.04389993818666e-07
9.43376390338813e-08
-2.18178621835818e-08
-1.43680008779512e-07
-2.70812454905567e-07
-4.02740540916824e-07
-5.38953106588025e-07
-6.78904392370505e-07
-8.22016233859024e-07
-9.67680356567246e-07
-1.11526089136005e-06
-1.26409704725994e-06
-1.41350589621947e-06
-1.56278532137399e-06
-1.71121711023403e-06
-1.85807013686201e-06
-2.00260362914761e-06
-2.14407057752553e-06
-2.28172115379621e-06
-2.41480621188117e-06
-2.54258083831616e-06
-2.66430792983385e-06
-2.77926175940024e-06
-2.88673152937235e-06
-2.98602497039724e-06
-3.07647179642601e-06
-3.15742721035406e-06
-3.22827525778280e-06
-3.28843213193153e-06
-3.33734940216601e-06
-3.37451706222680e-06
-3.39946647454070e-06
-3.41177323548436e-06
-3.41105975465439e-06
-3.39699775597779e-06
-3.36931056832412e-06
-3.32777521805383e-06
-3.27222429419294e-06
-3.20254761909666e-06
-3.11869371572016e-06
-3.02067092938785e-06
-2.90854844742228e-06
-2.78245698659418e-06
-2.64258923898808e-06
-2.48919998036001e-06
-2.32260612698099e-06
-2.14318625957333e-06
-1.95138007441642e-06
-1.74768745786480e-06
-1.53266732105806e-06
-1.30693623034972e-06
-1.07116665581941e-06
-8.26085037708424e-07
-5.72469625481631e-07
-3.11147960729841e-07
-4.29942543789252e-08
2.31073590484243e-07
5.10097065919979e-07
7.93080451977346e-07
1.07899435697334e-06
1.36677942119690e-06
1.65535029417185e-06
1.94359961191992e-06
2.23040229130334e-06
2.51461981726209e-06
2.79510470058142e-06
3.07070502003626e-06
3.34026905157714e-06
3.60264991661197e-06
3.85671031599699e-06
4.10132726624823e-06
4.33539679978168e-06
4.55783873931637e-06
4.76760130063703e-06
4.96366580260421e-06
5.14505110471575e-06
5.31081816657064e-06
5.46007429669260e-06
5.59197739091744e-06
5.70573996178103e-06
5.80063304633782e-06
5.87598982432214e-06
5.93120921715817e-06
5.96575902123142e-06
5.97917903677470e-06
5.97108381761302e-06
5.94116514185394e-06
5.88919432775725e-06
5.81502408170120e-06
5.71859024974669e-06
5.59991306861574e-06
5.45909825944157e-06
5.29633765966597e-06
5.11190962326769e-06
4.90617903414758e-06
4.67959702765697e-06
4.43270027172815e-06
4.16611003761780e-06
3.88053081334938e-06
3.57674865281155e-06
3.25562915659550e-06
2.91811508434936e-06
2.56522374419976e-06
2.19804393830625e-06
1.81773269564145e-06
1.42551164467042e-06
1.02266309065513e-06
6.10525884736646e-07
1.90490968776658e-07
-2.36003337095170e-07
-6.67476229843089e-07
-1.10240960005115e-06
-1.53925334211991e-06
-1.97643085853016e-06
-2.41234480213848e-06
-2.84538286932090e-06
-3.27392369880997e-06
-3.69634297703314e-06
-4.11101949993053e-06
-4.51634137021983e-06
-4.91071217112449e-06
-5.29255720760347e-06
-5.66032960502838e-06
-6.01251648912893e-06
-6.34764515350383e-06
-6.66428883189241e-06
-6.96107271647151e-06
-7.23667971413988e-06
-7.48985588749917e-06
-7.71941591892755e-06
-7.92424828865990e-06
-8.10332014644644e-06
-8.25568219475770e-06
-8.38047286677579e-06
-8.47692271932488e-06
-8.54435807795539e-06
-8.58220467314652e-06
-8.58999074715427e-06
-8.56734989440611e-06
-8.51402356794040e-06
-8.42986304050442e-06
-8.31483108676423e-06
-8.16900339373205e-06
-7.99256926065084e-06
-7.78583214788853e-06
-7.54920962187100e-06
-7.28323294296729e-06
-6.98854634606505e-06
-6.66590562126146e-06
-6.31617653468197e-06
-5.94033259027071e-06
-5.53945258197075e-06
-5.11471761655002e-06
-4.66740770654894e-06
-4.19889798308759e-06
-3.71065464399578e-06
-3.20423029265271e-06
-2.68125912761263e-06
-2.14345165971963e-06
-1.59258913079441e-06
-1.03051768363116e-06
-4.59142080799779e-07
1.19580615631776e-07
7.03647879518599e-07
1.29101854540181e-06
1.87962000630648e-06
2.46735551101551e-06
3.05211162121566e-06
3.63176576634316e-06
4.20419402402672e-06
4.76727882592343e-06
5.31891672217455e-06
5.85702628441709e-06
6.37955585869321e-06
6.88449133878777e-06
7.36986384097804e-06
7.83375730506464e-06
8.27431595595840e-06
8.68975157164442e-06
9.07835058061579e-06
9.43848103940326e-06
9.76859914736394e-06
1.00672557756809e-05
1.03331023728614e-05
1.05648968817817e-05
1.07615091251567e-05
1.09219257931059e-05
1.10452552237739e-05
1.11307314800690e-05
1.11777183771089e-05
1.11857128017867e-05
1.11543475798115e-05
1.10833939825916e-05
1.09727637007673e-05
1.08225102728454e-05
1.06328301390235e-05
1.04040629271829e-05
1.01366915439272e-05
9.83134149601383e-06
9.48877978146356e-06
9.10991326197319e-06
8.69578644580038e-06
8.24757889694716e-06
7.76660195578316e-06
7.25429502423935e-06
6.71222147063943e-06
6.14206384241811e-06
5.54561877796900e-06
4.92479139513335e-06
4.28158921295108e-06
3.61811577365145e-06
2.93656371930240e-06
2.23920760245022e-06
1.52839629752322e-06
8.06545087161936e-07
7.61274847604909e-08
-6.60333232538335e-07
-1.40027279904587e-06
-2.14109481255775e-06
-2.88017987326583e-06
-3.61489487055167e-06
-4.34260228754368e-06
-5.06066974637065e-06
-5.76647941663566e-06
-6.45743760685491e-06
-7.13098426174952e-06
-7.78460231565248e-06
-8.41582720489953e-06
-9.02225597698703e-06
-9.60155636420268e-06
-1.01514757862020e-05
-1.06698498552049e-05
-1.11546109042848e-05
-1.16037959898563e-05
-1.20155547271850e-05
-1.23881567439810e-05
-1.27199986366122e-05
-1.30096107735511e-05
-1.32556632745917e-05
-1.34569719989486e-05
-1.36125035563595e-05
-1.37213802684499e-05
-1.37828842667886e-05
-1.37964611539587e-05
-1.37617231246168e-05
-1.36784515554211e-05
-1.35465988915229e-05
-1.33662899717280e-05
-1.31378227319345e-05
-1.28616682886218e-05
-1.25384705480514e-05
-1.21690449397249e-05
-1.17543766791073e-05
-1.12956183553337e-05
-1.07940869309431e-05
-1.02512601998228e-05
-9.66877249730658e-06
-9.04840984361499e-06
-8.39210468939200e-06
-7.70192986010443e-06
-6.98009212385386e-06
-6.22892519253071e-06
-5.45088219006118e-06
-4.64852767478874e-06
-3.82452923375354e-06
-2.98164856538108e-06
-2.12273232236271e-06
-1.25070243406356e-06
-3.68546201556796e-07
5.20693932415384e-07
1.41393094033049e-06
2.30804381828875e-06
3.19988859409648e-06
4.08630934067844e-06
4.96414928186084e-06
5.83026217881866e-06
6.68152344296402e-06
7.51484150285364e-06
8.32716889753726e-06
9.11551352977824e-06
9.87694959420082e-06
1.06086282904982e-05
1.13077886396695e-05
1.19717676074771e-05
1.25980103717893e-05
1.31840798527350e-05
1.37276663831898e-05
1.42265963383181e-05
1.46788408805776e-05
1.50825240563535e-05
1.54359301909324e-05
1.57375111937696e-05
1.59858928370227e-05
1.61798807285507e-05
1.63184656685189e-05
1.64008281799966e-05
1.64263427331335e-05
1.63945809514843e-05
1.63053142534508e-05
1.61585159172972e-05
1.59543623041714e-05
1.56932334505200e-05
1.53757128140697e-05
1.50025864034120e-05
1.45748411020108e-05
1.40936624273280e-05
1.35604313822313e-05
1.29767206793474e-05
1.23442901900361e-05
1.16650818151598e-05
1.09412136737319e-05
1.01749735401668e-05
9.36881158608571e-06
8.52533281747725e-06
7.64728847713059e-06
6.73756722413543e-06
5.79918574850069e-06
4.83527857397803e-06
3.84908777828485e-06
2.84395203564713e-06
1.82329529696545e-06
7.90615239054659e-07
-2.50528866097000e-07
-1.29652828739779e-06
-2.34373742991068e-06
-3.38848650827117e-06
-4.42709438441824e-06
-5.45588156519727e-06
-6.47118323371387e-06
-7.46936225226591e-06
-8.44682220924042e-06
-9.40002038962717e-06
-1.03254805421393e-05
-1.12198054722512e-05
-1.20796896645459e-05
-1.29019312224976e-05
-1.36834439561362e-05
-1.44212686921108e-05
-1.51125845224698e-05
-1.57547195160923e-05
-1.63451608141685e-05
-1.68815645289477e-05
-1.73617646981317e-05
-1.77837819113069e-05
-1.81458314260641e-05
-1.84463302480981e-05
-1.86839038485986e-05
-1.88573922113022e-05
-1.89658547884441e-05
-1.90085750568780e-05
-1.89850642755562e-05
-1.88950641282215e-05
-1.87385491186021e-05
-1.85157275214287e-05
-1.82270419242236e-05
-1.78731690150258e-05
-1.74550180509492e-05
-1.69737291417782e-05
-1.64306700720651e-05
-1.58274327599628e-05
-1.51658287927958e-05
-1.44478839709805e-05
-1.36758323234787e-05
-1.28521092772615e-05
-1.19793438608795e-05
-1.10603506522367e-05
-1.00981205326534e-05
-9.09581108299307e-06
-8.05673628967440e-06
-6.98435555879229e-06
-5.88226219555565e-06
-4.75417149381485e-06
-3.60390807951916e-06
-2.43539309074947e-06
-1.25263066497183e-06
-5.96943650066351e-08
1.13928691902743e-06
2.34014328803767e-06
3.53867827307397e-06
4.73068353556982e-06
5.91195359866958e-06
7.07830076329685e-06
8.22556989987788e-06
9.34965315835257e-06
1.04465048682556e-05
1.15121558224018e-05
1.25427278128143e-05
1.35344476888122e-05
1.44836609834442e-05
1.53868455292638e-05
1.62406243440216e-05
1.70417781735210e-05
1.77872577999949e-05
1.84741951319012e-05
1.90999145530668e-05
1.96619429200240e-05
2.01580192609185e-05
2.05861039432875e-05
2.09443864296333e-05
2.12312930560898e-05
2.14454933971098e-05
2.15859061221124e-05
2.16517041184972e-05
2.16423181225167e-05
2.15574402364638e-05
2.13970260798391e-05
2.11612959084562e-05
2.08507354830800e-05
2.04660950231528e-05
2.00083880113056e-05
1.94788888219222e-05
1.88791291737544e-05
1.82108942023973e-05
1.74762169251608e-05
1.66773724039615e-05
1.58168707873330e-05
1.48974493949794e-05
1.39220642232374e-05
1.28938804113687e-05
1.18162619866524e-05
1.06927610072916e-05
9.52710575319315e-06
8.32318855437109e-06
7.08505260327286e-06
5.81687853618007e-06
4.52297027564441e-06
3.20774043238714e-06
1.87569527199116e-06
5.31419257043808e-07
-8.20440732240968e-07
-2.17519143319578e-06
-3.52810954673544e-06
-4.87445814734144e-06
-6.20950333107828e-06
-7.52853080676630e-06
-8.82686254755072e-06
-1.00998734282598e-05
-1.13430076602583e-05
-1.25517950184673e-05
-1.37218670470673e-05
-1.48489726772283e-05
-1.59289936707552e-05
-1.69579597901759e-05
-1.79320631019664e-05
-1.88476722122743e-05
-1.97013456322281e-05
-2.04898446405366e-05
-2.12101456682490e-05
-2.18594514578285e-05
-2.24352021618301e-05
-2.29350849885179e-05
-2.33570434886587e-05
-2.36992858866358e-05
-2.39602921965343e-05
-2.41388208870319e-05
-2.42339141998116e-05
-2.42449026544023e-05
-2.41714088282663e-05
-2.40133493889516e-05
-2.37709368704486e-05
-2.34446801279375e-05
-2.30353834673735e-05
-2.25441453665098e-05
-2.19723554053530e-05
-2.13216907454239e-05
-2.05941114188590e-05
-1.97918543953790e-05
-1.89174270381898e-05
-1.79735991459040e-05
-1.69633943620795e-05
-1.58900806397355e-05
-1.47571595547902e-05
-1.35683551008015e-05
-1.23276013717089e-05
-1.10390296335083e-05
-9.70695456814497e-06
-8.33585986725893e-06
-6.93038318289041e-06
-5.49530039251067e-06
-4.03550941996400e-06
-2.55601351284440e-06
-1.06190412196838e-06
4.41656620608910e-07
1.94945375930899e-06
3.45623757880276e-06
4.95674188982775e-06
6.44570239138886e-06
7.91787519993647e-06
9.36805526308149e-06
1.07910947555467e-05
1.21819213507735e-05
1.35355563095629e-05
1.48471322347632e-05
1.61119105630547e-05
1.73252986996886e-05
1.84828665883430e-05
1.95803628475488e-05
2.06137304701315e-05
2.15791215403272e-05
2.24729116951039e-05
2.32917134876942e-05
2.40323892022332e-05
2.46920628885761e-05
2.52681311039282e-05
2.57582733880213e-05
2.61604610969357e-05
2.64729658656648e-05
2.66943664666286e-05
2.68235552649543e-05
2.68597428743078e-05
2.68024622904761e-05
2.66515716145221e-05
2.64072558469053e-05
2.60700272107783e-05
2.56407247114510e-05
2.51205122090425e-05
2.45108758072377e-05
2.38136193821958e-05
2.30308596904649e-05
2.21650200966650e-05
2.12188229546939e-05
2.01952812854955e-05
1.90976893090777e-05
1.79296117241989e-05
1.66948723556715e-05
1.53975415901897e-05
1.40419229825994e-05
1.26325391018867e-05
1.11741163184575e-05
9.67156914555289e-06
8.12998352373029e-06
6.55459969145511e-06
4.95079440021584e-06
3.32406252212536e-06
1.67999824718379e-06
2.42758062540815e-08
-1.63737002800701e-06
-3.29916394825602e-06
-4.95531003430472e-06
-6.60001204089156e-06
-8.22749375473109e-06
-9.83201908510978e-06
-1.14079125843602e-05
-1.29495791920675e-05
-1.44515242741505e-05
-1.59083731627874e-05
-1.73148903623854e-05
-1.86659984500182e-05
-1.99567961587377e-05
-2.11825762654883e-05
-2.23388428235438e-05
-2.34213273468953e-05
-2.44260047121969e-05
-2.53491080943746e-05
-2.61871427955640e-05
-2.69368995962083e-05
-2.75954667046108e-05
-2.81602414400339e-05
-2.86289397077866e-05
-2.89996054672059e-05
-2.92706185280878e-05
-2.94407015033471e-05
-2.95089251203251e-05
-2.94747129885309e-05
-2.93378443618764e-05
-2.90984564248475e-05
-2.87570447543573e-05
-2.83144631403331e-05
-2.77719212569139e-05
-2.71309819526167e-05
-2.63935567685891e-05
-2.55619006255259e-05
-2.46386047759728e-05
-2.36265889261844e-05
-2.25290922646337e-05
-2.13496629006826e-05
-2.00921465554060e-05
-1.87606743358160e-05
-1.73596487211825e-05
-1.58937294276740e-05
-1.43678177790818e-05
-1.27870403456853e-05
-1.11567319045491e-05
-9.48241719189724e-06
-7.76979238281683e-06
-6.02470563837443e-06
-4.25313712959507e-06
-2.46117872837459e-06
-6.55012772465824e-07
1.15910906561822e-06
2.97488745637509e-06
4.78599731446039e-06
6.58610977977148e-06
8.36891439170984e-06
1.01281411482024e-05
1.18575826248968e-05
1.35511158227963e-05
1.52027237843022e-05
1.68065170781384e-05
1.83567547082930e-05
1.98478646469269e-05
2.12744638501960e-05
2.26313776920672e-05
2.39136586884237e-05
2.51166043514495e-05
2.62357746455555e-05
2.72670081742366e-05
2.82064374652613e-05
2.90505035949185e-05
2.97959695199079e-05
3.04399324253524e-05
3.09798345896617e-05
3.14134739061167e-05
3.17390121091776e-05
3.19549827656473e-05
3.20602973133965e-05
3.20542500582555e-05
3.19365216681078e-05
3.17071817139691e-05
3.13666895266351e-05
3.09158935305476e-05
3.03560298133831e-05
2.96887188735440e-05
2.89159607387290e-05
2.80401297745314e-05
2.70639670310047e-05
2.59905719728337e-05
2.48233925308483e-05
2.35662143710513e-05
2.22231485214053e-05
2.07986178804020e-05
1.92973429369303e-05
1.77243260024440e-05
1.60848345531761e-05
1.43843837312474e-05
1.26287177355522e-05
1.08237904417052e-05
8.97574519420630e-06
7.09089403727603e-06
5.17569598912360e-06
3.23673496005483e-06
1.28069728688729e-06
-6.85651604825921e-07
-2.65549034317303e-06
-4.62196542727611e-06
-6.57821509619794e-06
-8.51739297225151e-06
-1.04326925001175e-05
-1.23173703574508e-05
-1.41647705351744e-05
-1.59683477356509e-05
-1.77216903445299e-05
-1.94185436814820e-05
-2.10528315758296e-05
-2.26186788996330e-05
-2.41104322533658e-05
-2.55226800440767e-05
-2.68502728406617e-05
-2.80883413577016e-05
-2.92323146720008e-05
-3.02779371050832e-05
-3.12212835336112e-05
-3.20587745079592e-05
-3.27871894167941e-05
-3.34036790174963e-05
-3.39057763767414e-05
-3.42914060595945e-05
-3.45588934891339e-05
-3.47069707462566e-05
-3.47347832097000e-05
-3.46418931602699e-05
-3.44282823601105e-05
-3.40943536727423e-05
-3.36409304715346e-05
-3.30692553909273e-05
-3.23809867186498e-05
-3.15781938944326e-05
-3.06633517688226e-05
-2.96393323608868e-05
-2.85093967562489e-05
-2.72771844294084e-05
-2.59467012462267e-05
-2.45223072230516e-05
-2.30087016106495e-05
-2.14109079905711e-05
-1.97342571919279e-05
-1.79843696539450e-05
-1.61671368683614e-05
-1.42887010774473e-05
-1.23554350004440e-05
-1.03739199861508e-05
-8.35092349049660e-06
-6.29337630719817e-06
-4.20834848036122e-06
-2.10302526149064e-06
1.53177932560311e-08
2.13933996384696e-06
4.26166071676448e-06
6.37488545507381e-06
8.47163123474104e-06
1.05445525822034e-05
1.25863671858184e-05
1.45898815357981e-05
1.65480162834797e-05
1.84538311067683e-05
2.03005495240660e-05
2.20815827685072e-05
2.37905535200866e-05
2.54213183445984e-05
2.69679901876430e-05
2.84249594386665e-05
2.97869139487261e-05
3.10488588954883e-05
3.22061346622604e-05
3.32544340189145e-05
3.41898183418010e-05
3.50087320359904e-05
3.57080160569012e-05
3.62849199913029e-05
3.67371128096039e-05
3.70626920638273e-05
3.72601913376513e-05
3.73285871493323e-05
3.72673029165327e-05
3.70762128518720e-05
3.67556431779548e-05
3.63063721913193e-05
3.57296287987197e-05
3.50270893765270e-05
3.42008732729937e-05
3.32535360776376e-05
3.21880624021276e-05
3.10078563643401e-05
2.97167304843526e-05
2.83188940137791e-05
2.68189388243911e-05
2.52218245435643e-05
2.35328622917308e-05
2.17576968228883e-05
1.99022879900923e-05
1.79728903937360e-05
1.59760326923220e-05
1.39184953589222e-05
1.18072875636699e-05
9.64962353222631e-06
7.45289777981384e-06
5.22465976615649e-06
2.97258802461897e-06
7.04463637646313e-07
-1.57185655780268e-06
-3.84846726575461e-06
-6.11744212619669e-06
-8.37086138005816e-06
-1.06008393530033e-05
-1.27995522198887e-05
-1.49592653500008e-05
-1.70723604817624e-05
-1.91313627233569e-05
-2.11289668143877e-05
-2.30580631033206e-05
-2.49117627930673e-05
-2.66834226607671e-05
-2.83666686122785e-05
-2.99554187002116e-05
-3.14439052289117e-05
-3.28266951292733e-05
-3.40987103761847e-05
-3.52552462352662e-05
-3.62919885539270e-05
-3.72050298693694e-05
-3.79908840208998e-05
-3.86464994548419e-05
-3.91692706962488e-05
-3.95570486730890e-05
-3.98081495305291e-05
-3.99213610542404e-05
-3.98959487739603e-05
-3.97316593492292e-05
-3.94287223244305e-05
-3.89878511750652e-05
-3.84102414319187e-05
-3.76975680804748e-05
-3.68519805231671e-05
-3.58760965006866e-05
-3.47729941889696e-05
-3.35462020757404e-05
-3.21996884000697e-05
-3.07378480606246e-05
-2.91654881241499e-05
-2.74878125097189e-05
-2.57104044791845e-05
-2.38392081435279e-05
-2.18805087452978e-05
-1.98409113849607e-05
-1.77273189017058e-05
-1.55469083793491e-05
-1.33071069559065e-05
-1.10155664216904e-05
-8.68013705712656e-06
-6.30884083108185e-06
-3.90984379095016e-06
-1.49142792693624e-06
9.38037405084913e-07
3.37012440621010e-06
5.79637614972484e-06
8.20833594339376e-06
1.05975768578404e-05
1.29557311572270e-05
1.52745194252901e-05
1.75457800066781e-05
1.97614973584948e-05
2.19138305483924e-05
2.39951410261341e-05
2.59980194883269e-05
2.79153125042342e-05
2.97401477959980e-05
3.14659591813538e-05
3.30865098794320e-05
3.45959150118702e-05
3.59886633480855e-05
3.72596366027267e-05
3.84041290661941e-05
3.94178644853582e-05
4.02970118749124e-05
4.10382001962972e-05
4.16385308401601e-05
4.20955893760677e-05
4.24074544413955e-05
4.25727057979941e-05
4.25904308567482e-05
4.24602281370312e-05
4.21822107838921e-05
4.17570069419781e-05
4.11857583069164e-05
4.04701182805667e-05
3.96122464652038e-05
3.86148029649647e-05
3.74809398069331e-05
3.62142912004870e-05
3.48189622902950e-05
3.32995152341198e-05
3.16609550994329e-05
2.99087130746223e-05
2.80486281845072e-05
2.60869286079490e-05
2.40302101235379e-05
2.18854144975467e-05
1.96598058215258e-05
1.73609458165025e-05
1.49966685074610e-05
1.25750530854951e-05
1.01043967575265e-05
7.59318607745918e-06
5.05006771511773e-06
2.48381896994498e-06
-9.66828316295576e-08
-2.68249078555494e-06
-5.26461954322710e-06
-7.83407660862739e-06
-1.03818934852895e-05
-1.28991571389792e-05
-1.53770410661336e-05
-1.78068362899353e-05
-2.01799819286030e-05
-2.24880954426965e-05
-2.47230020893330e-05
-2.68767639353129e-05
-2.89417081313914e-05
-3.09104541127425e-05
-3.27759398901506e-05
-3.45314475334035e-05
-3.61706272955509e-05
-3.76875203618177e-05
-3.90765806788096e-05
-4.03326951854410e-05
-4.14512022395286e-05
-4.24279093369506e-05
-4.32591084376099e-05
-4.39415899800011e-05
-4.44726551140917e-05
-4.48501263141665e-05
-4.50723561558064e-05
-4.51382339310413e-05
-4.50471909303474e-05
-4.47992036383127e-05
-4.43947946067169e-05
-4.38350323541670e-05
-4.31215284644182e-05
-4.22564330877506e-05
-4.12424290043845e-05
-4.00827230171430e-05
-3.87810361752727e-05
-3.73415916836706e-05
-3.57691014638561e-05
-3.40687508035842e-05
-3.22461810213781e-05
-3.03074711762719e-05
-2.82591176219427e-05
-2.61080121468638e-05
-2.38614191205855e-05
-2.15269507766180e-05
-1.91125414064075e-05
-1.66264205576638e-05
-1.40770848870986e-05
-1.14732691702812e-05
-8.82391635581570e-06
-6.13814692229653e-06
-3.42522732488248e-06
-6.94538284662372e-07
2.04445792473251e-06
4.78225000577481e-06
7.50931085580220e-06
1.02161306694271e-05
1.28932499774415e-05
1.55312928971085e-05
1.81209997478504e-05
2.06532597650799e-05
2.31191430670741e-05
2.55099318824392e-05
2.78171518810488e-05
3.00326015691965e-05
3.21483819987201e-05
3.41569246349316e-05
3.60510182639828e-05
3.78238351483873e-05
3.94689553044891e-05
4.09803901066930e-05
4.23526035793209e-05
4.35805328797834e-05
4.46596070351468e-05
4.55857632783996e-05
4.63554630631968e-05
4.69657050450323e-05
4.74140362842768e-05
4.76985627422266e-05
4.78179562337644e-05
4.77714608422275e-05
4.75588962354223e-05
4.71806596582525e-05
4.66377260197604e-05
4.59316449461511e-05
4.50645373950564e-05
4.40390890732445e-05
4.28585418275063e-05
4.15266843054596e-05
4.00478391480164e-05
3.84268495405848e-05
3.66690630286826e-05
3.47803140705594e-05
3.27669049049462e-05
3.06355840162809e-05
2.83935241629507e-05
2.60482979204113e-05
2.36078519737504e-05
2.10804806517473e-05
1.84747973293042e-05
1.57997052578907e-05
1.30643671774067e-05
1.02781738053892e-05
7.45071172936207e-06
4.59173030975535e-06
1.71110813163011e-06
-1.18118116176902e-06
-4.07510341027262e-06
-6.96059874449872e-06
-9.82761658363529e-06
-1.26661505781556e-05
-1.54662736751021e-05
-1.82181726628983e-05
-2.09121827143832e-05
-2.35388212246335e-05
-2.60888212970656e-05
-2.85531644124148e-05
-3.09231120834141e-05
-3.31902373140736e-05
-3.53464539735171e-05
-3.73840461431740e-05
-3.92956954406998e-05
-4.10745072620955e-05
-4.27140357182054e-05
-4.42083068481480e-05
-4.55518406070610e-05
-4.67396705641221e-05
-4.77673622949482e-05
-4.86310302250104e-05
-4.93273514745596e-05
-4.98535793393984e-05
-5.02075536310542e-05
-5.03877089350624e-05
-5.03930820432430e-05
-5.02233157160248e-05
-4.98786616933700e-05
-4.93599805473366e-05
-4.86687400300667e-05
-4.78070114127149e-05
-4.67774627672668e-05
-4.55833516070925e-05
-4.42285143380516e-05
-4.27173536579062e-05
-4.10548250844300e-05
-3.92464200906772e-05
-3.72981483414137e-05
-3.52165178423292e-05
-3.30085128847912e-05
-3.06815711530461e-05
-2.82435580727380e-05
-2.57027408645527e-05
-2.30677602379714e-05
-2.03476008437953e-05
-1.75515611280375e-05
-1.46892211017047e-05
-1.17704097815086e-05
-8.80517142931581e-06
-5.80373088165942e-06
-2.77645842650109e-06
2.66166123807920e-07
3.31358961247474e-06
6.35522219138984e-06
9.38047412446519e-06
1.23787925796481e-05
1.53396985460019e-05
1.82528233003132e-05
2.11079448665941e-05
2.38950237899660e-05
2.66042383643417e-05
2.92260193647254e-05
3.17510837466450e-05
3.41704675881904e-05
3.64755576517384e-05
3.86581223713600e-05
4.07103408290865e-05
4.26248311375388e-05
4.43946767260117e-05
4.60134512914046e-05
4.74752420897562e-05
4.87746715183146e-05
4.99069169187516e-05
5.08677280931513e-05
5.16534434654159e-05
5.22610038919957e-05
5.26879640796452e-05
5.29325027558425e-05
5.29934298769685e-05
5.28701917292818e-05
5.25628745449147e-05
5.20722049275335e-05
5.13995488349295e-05
5.05469076719223e-05
4.95169128345019e-05
4.83128173143221e-05
4.69384860397604e-05
4.53983832069405e-05
4.36975575786036e-05
4.18416267056188e-05
3.98367578569037e-05
3.76896476090849e-05
3.54074997348519e-05
3.29980009636799e-05
3.04692949484320e-05
2.78299550284800e-05
2.50889549295863e-05
2.22556384388284e-05
1.93396874639262e-05
1.63510889867879e-05
1.33001008224554e-05
1.01972164792130e-05
7.05312899729194e-06
3.87869409301800e-06
6.84892789593050e-07
-2.51720671862188e-06
-5.71648736347186e-06
-8.90182177926135e-06
-1.20621110948349e-05
-1.51863234787442e-05
-1.82635327359293e-05
-2.12829564869566e-05
-2.42339940488279e-05
-2.71062636088004e-05
-2.98896384531844e-05
-3.25742832902876e-05
-3.51506881912655e-05
-3.76097030674316e-05
-3.99425697867883e-05
-4.21409529680616e-05
-4.41969706406198e-05
-4.61032214413848e-05
-4.78528121368171e-05
-4.94393821446337e-05
-5.08571261628177e-05
-5.21008163278935e-05
-5.31658204039331e-05
-5.40481197619513e-05
-5.47443242107093e-05
-5.52516843246309e-05
-5.55681031597643e-05
-5.56921438983338e-05
-5.56230365411636e-05
-5.53606811530827e-05
-5.49056500047662e-05
-5.42591866468101e-05
-5.34232021252024e-05
-5.24002704946902e-05
-5.11936204721231e-05
-4.98071250176757e-05
-4.82452899355224e-05
-4.65132381788358e-05
-4.46166940961668e-05
-4.25619641184483e-05
-4.03559154538158e-05
-3.80059540245892e-05
-3.55199988165689e-05
-3.29064558171055e-05
-3.01741893693475e-05
-2.73324918459994e-05
-2.43910526550213e-05
-2.13599247304297e-05
-1.82494903390173e-05
-1.50704256688394e-05
-1.18336638711414e-05
-8.55035785285452e-06
-5.23184140011068e-06
-1.88959050140269e-06
1.46481658180875e-06
4.81973948929237e-06
8.16351590593456e-06
1.14845023522214e-05
1.47711145701557e-05
1.80118679886654e-05
2.11954178594986e-05
2.43105989969905e-05
2.73464647504440e-05
3.02923257455845e-05
3.31377873710181e-05
3.58727863538633e-05
3.84876265684397e-05
4.09730131196717e-05
4.33200856155835e-05
4.55204495817263e-05
4.75662067018767e-05
4.94499825003381e-05
5.11649537879855e-05
5.27048727749779e-05
5.40640895478894e-05
5.52375735640709e-05
5.62209315382312e-05
5.70104237955782e-05
5.76029788255106e-05
5.79962048212757e-05
5.81883989432264e-05
5.81785549682579e-05
5.79663673163644e-05
5.75522337376011e-05
5.69372550915936e-05
5.61232322915384e-05
5.51126618275610e-05
5.39087276136829e-05
5.25152915841209e-05
5.09368811718036e-05
4.91786744787337e-05
4.72464837045772e-05
4.51467359678936e-05
4.28864514248062e-05
4.04732205292468e-05
3.79151782874398e-05
3.52209767915390e-05
3.23997559785738e-05
2.94611128213162e-05
2.64150685680420e-05
2.32720345398896e-05
2.00427767023115e-05
1.67383786857656e-05
1.33702037574679e-05
9.94985582281060e-06
6.48913942047358e-06
3.00001891506696e-06
-5.05422686813972e-07
-4.01502577762614e-06
-7.51659624320666e-06
-1.09979476841104e-05
-1.44469441067940e-05
-1.78515419682057e-05
-2.11998323349505e-05
-2.44800825806024e-05
-2.76807773973431e-05
-3.07906591823226e-05
-3.37987677170304e-05
-3.66944787959511e-05
-3.94675417592083e-05
-4.21081153323399e-05
-4.46068033417291e-05
-4.69546871935123e-05
-4.91433584768330e-05
-5.11649487693333e-05
-5.30121573900644e-05
-5.46782786772226e-05
-5.61572252442133e-05
-5.74435510563021e-05
-5.85324710238311e-05
-5.94198783039346e-05
-6.01023606696671e-05
-6.05772123254411e-05
-6.08424455230683e-05
-6.08967981490238e-05
-6.07397389082998e-05
-6.03714711746584e-05
-5.97929328414182e-05
-5.90057945974998e-05
-5.80124548199557e-05
-5.68160329790235e-05
-5.54203597493697e-05
-5.38299643684237e-05
-5.20500607193441e-05
-5.00865300251951e-05
-4.79459009883332e-05
-4.56353289741696e-05
-4.31625712526973e-05
-4.05359617037249e-05
-3.77643823892271e-05
-3.48572333472852e-05
-3.18244012671443e-05
-2.86762252619255e-05
-2.54234621426264e-05
-2.20772494028409e-05
-1.86490669618067e-05
-1.51506981431737e-05
-1.15941888765292e-05
-7.99180627364393e-06
-4.35599641512852e-06
-6.99341213383775e-07
2.96548504596927e-06
6.62575970622470e-06
1.02687558580783e-05
1.38817866419672e-05
1.74522493816553e-05
2.09676696725225e-05
2.44157447593096e-05
2.77843868428107e-05
3.10617653322964e-05
3.42363482701558e-05
3.72969432538284e-05
4.02327364508182e-05
4.30333312078091e-05
4.56887846418397e-05
4.81896430519768e-05
5.05269753547921e-05
5.26924050259225e-05
5.46781404011654e-05
5.64770023405714e-05
5.80824503559896e-05
5.94886059710475e-05
6.06902747559701e-05
6.16829652271278e-05
6.24629051237946e-05
6.30270565249447e-05
6.33731265580195e-05
6.34995773856062e-05
6.34056322255105e-05
6.30912793644356e-05
6.25572736021596e-05
6.18051338756587e-05
6.08371405510510e-05
5.96563277390771e-05
5.82664741335392e-05
5.66720911994167e-05
5.48784078113762e-05
5.28913543997866e-05
5.07175425514816e-05
4.83642433048992e-05
4.58393629423348e-05
4.31514160894597e-05
4.03094976626495e-05
3.73232514796484e-05
3.42028380799775e-05
3.09588999367616e-05
2.76025249892897e-05
2.41452092047401e-05
2.05988168724414e-05
1.69755400594718e-05
1.32878566099226e-05
9.54848719492141e-06
5.77035157633965e-06
1.96652384643059e-06
-1.84981282203012e-06
-5.66541169666479e-06
-9.46700868453831e-06
-1.32413682667476e-05
-1.69753296286324e-05
-2.06558525319700e-05
-2.42700628998449e-05
-2.78052977078502e-05
-3.12491495453315e-05
-3.45895098150528e-05
-3.78146117196998e-05
-4.09130714116301e-05
-4.38739281345413e-05
-4.66866831820845e-05
-4.93413370343809e-05
-5.18284245401013e-05
-5.41390492863059e-05
-5.62649147211047e-05
-5.81983544116760e-05
-5.99323593637457e-05
-6.14606034525789e-05
-6.27774666388525e-05
-6.38780547967954e-05
-6.47582189414742e-05
-6.54145700414999e-05
-6.58444920878520e-05
-6.60461524233380e-05
-6.60185091220789e-05
-6.57613157266090e-05
-6.52751237393279e-05
-6.45612814254015e-05
-6.36219305620855e-05
-6.24599998315656e-05
-6.10791962483148e-05
-5.94839932333002e-05
-5.76796158391346e-05
-5.56720243762854e-05
-5.34678941455091e-05
-5.10745936845858e-05
-4.85001599574986e-05
-4.57532714603914e-05
-4.28432191164063e-05
-3.97798742612920e-05
-3.65736561178664e-05
-3.32354956977809e-05
-2.97767987520459e-05
-2.62094067915442e-05
-2.25455564484278e-05
-1.87978377059750e-05
-1.49791504568952e-05
-1.11026601885555e-05
-7.18175251357422e-06
-3.22998712221079e-06
7.38949365697295e-07
4.71129061274667e-06
8.67323842701495e-06
1.26110107006028e-05
1.65108890852750e-05
2.03592672276542e-05
2.41426979723514e-05
2.78479404354215e-05
3.14620062944471e-05
3.49722051256052e-05
3.83661894582943e-05
4.16319978171487e-05
4.47580969584749e-05
4.77334228596860e-05
5.05474188923216e-05
5.31900746789660e-05
5.56519607508577e-05
5.79242624123566e-05
5.99988114382555e-05
6.18681148303324e-05
6.35253824419202e-05
6.49645515315989e-05
6.61803086581259e-05
6.71681095112397e-05
6.79241950778398e-05
6.84456069257600e-05
6.87301980328847e-05
6.87766411346935e-05
6.85844352841247e-05
6.81539079065985e-05
6.74862155856104e-05
6.65833408288741e-05
6.54480863833129e-05
6.40840670279585e-05
6.24956969648149e-05
6.06881773242002e-05
5.86674780862773e-05
5.64403186525397e-05
5.40141458218457e-05
5.13971079457720e-05
4.85980290609866e-05
4.56263781711819e-05
4.24922374899772e-05
3.92062683709504e-05
3.57796745604766e-05
3.22241648196275e-05
2.85519121967504e-05
2.47755128053306e-05
2.09079425350644e-05
1.69625120887140e-05
1.29528217920338e-05
8.89271430759564e-06
4.79622694182780e-06
6.77543187777019e-07
-3.44905664451112e-06
-7.56924454670127e-06
-1.16686948465894e-05
-1.57331339358802e-05
-1.97483899808670e-05
-2.37004423164766e-05
-2.75754704028852e-05
-3.13599021917188e-05
-3.50404616381583e-05
-3.86042152674682e-05
-4.20386176915866e-05
-4.53315554734823e-05
-4.84713902871858e-05
-5.14469997536793e-05
-5.42478169294203e-05
-5.68638677334032e-05
-5.92858063981350e-05
-6.15049491938802e-05
-6.35133048927372e-05
-6.53036042554955e-05
-6.68693256553610e-05
-6.82047192333002e-05
-6.93048277184971e-05
-7.01655048138683e-05
-7.07834309316979e-05
-7.11561251272030e-05
-7.12819559729461e-05
-7.11601476690582e-05
-7.07907840982180e-05
-7.01748097737820e-05
-6.93140276339932e-05
-6.82110938141633e-05
-6.68695100722871e-05
-6.52936123293202e-05
-6.34885569423815e-05
-6.14603036730443e-05
-5.92155963703433e-05
-5.67619405131836e-05
-5.41075777977795e-05
-5.12614591050564e-05
-4.82332138318498e-05
-4.50331176473640e-05
-4.16720575024954e-05
-3.81614946842745e-05
-3.45134255699264e-05
-3.07403409358642e-05
-2.68551830195918e-05
-2.28713011889425e-05
-1.88024060534531e-05
-1.46625223198527e-05
-1.04659404467355e-05
-6.22716733289508e-06
-1.96087615478291e-06
2.31814437690048e-06
6.59504138234013e-06
1.08549490711596e-05
1.50830409300085e-05
1.92645807484126e-05
2.33849743374037e-05
2.74298204114842e-05
3.13849606001781e-05
3.52365295110957e-05
3.89710029260470e-05
4.25752455477379e-05
4.60365568919485e-05
4.93427160854765e-05
5.24820253300362e-05
5.54433509130092e-05
5.82161628113198e-05
6.07905722560531e-05
6.31573661351581e-05
6.53080412380547e-05
6.72348338728312e-05
6.89307480694623e-05
7.03895810669763e-05
7.16059454806128e-05
7.25752894954468e-05
7.32939139371780e-05
7.37589859376442e-05
7.39685501951470e-05
7.39215363747547e-05
7.36177648583691e-05
7.30579480663351e-05
7.22436888835887e-05
7.11774770554285e-05
6.98626807587033e-05
6.83035369348772e-05
6.65051371697700e-05
6.44734112693612e-05
6.22151079792133e-05
5.97377717230785e-05
5.70497187553087e-05
5.41600083323601e-05
5.10784124934105e-05
4.78153831249273e-05
4.43820159450325e-05
4.07900136796258e-05
3.70516456040804e-05
3.31797057055994e-05
2.91874690079297e-05
2.50886458710298e-05
2.08973351698560e-05
1.66279755395848e-05
1.22952958090394e-05
7.91426410362561e-06
3.50003607962890e-06
-9.32097414363398e-07
-5.36676337858921e-06
-9.78856000966033e-06
-1.41821100605455e-05
-1.85321145371731e-05
-2.28234058479160e-05
-2.70410007230382e-05
-3.11701526563013e-05
-3.51964030249619e-05
-3.91056323865158e-05
-4.28841095470034e-05
-4.65185399205481e-05
-4.99961124083015e-05
-5.33045441617475e-05
-5.64321245999366e-05
-5.93677561635531e-05
-6.21009942820550e-05
-6.46220842934753e-05
-6.69219958684408e-05
-6.89924559997834e-05
-7.08259783168685e-05
-7.24158903171457e-05
-7.37563573087741e-05
-7.48424038876649e-05
-7.56699326966981e-05
-7.62357393995217e-05
-7.65375250431077e-05
-7.65739055150760e-05
-7.63444164855187e-05
-7.58495177271001e-05
-7.50905916913069e-05
-7.40699400889611e-05
-7.27907773132586e-05
-7.12572198633410e-05
-6.94742736531140e-05
-6.74478178162019e-05
-6.51845850949684e-05
-6.26921397834934e-05
-5.99788519277666e-05
-5.70538701083478e-05
-5.39270900912214e-05
-5.06091212688631e-05
-4.71112512610006e-05
-4.34454067566037e-05
-3.96241136559894e-05
-3.56604537952165e-05
-3.15680203044622e-05
-2.73608711403028e-05
-2.30534803549176e-05
-1.86606889798213e-05
-1.41976534475674e-05
-9.67979341659486e-06
-5.12273858532808e-06
-5.42274385395558e-07
4.04571232515138e-06
8.62528862910494e-06
1.31805307841404e-05
1.76955795492262e-05
2.21546955003760e-05
2.65423137619791e-05
3.08430984450325e-05
3.50419960142290e-05
3.91242883264198e-05
4.30756438873914e-05
4.68821683199394e-05
5.05304531532857e-05
5.40076231132502e-05
5.73013812754652e-05
6.04000528507953e-05
6.32926264270139e-05
6.59687930557595e-05
6.84189829236459e-05
7.06343998189141e-05
7.26070517540478e-05
7.43297810856802e-05
7.57962895381326e-05
7.70011613742128e-05
7.79398834023226e-05
7.86088615285507e-05
7.90054348467351e-05
7.91278853942146e-05
7.89754459855629e-05
7.85483036995771e-05
7.78476002594175e-05
7.68754296238683e-05
7.56348316457434e-05
7.41297828064091e-05
7.23651832110761e-05
7.03468411664687e-05
6.80814539197883e-05
6.55765854062906e-05
6.28406411102844e-05
5.98828399578366e-05
5.67131828432821e-05
5.33424195285903e-05
4.97820117093539e-05
4.60440941800755e-05
4.21414335054493e-05
3.80873844569862e-05
3.38958441048476e-05
2.95812045081334e-05
2.51583030879132e-05
2.06423716004878e-05
1.60489838716416e-05
1.13940018158232e-05
6.69352083715324e-06
1.96381410422219e-06
-2.77872380305411e-06
-7.51763350326229e-06
-1.22364483150506e-05
-1.69187512550906e-05
-2.15482321701543e-05
-2.61087446791208e-05
-3.05843621175583e-05
-3.49594336865877e-05
-3.92186388387117e-05
-4.33470410028391e-05
-4.73301402088566e-05
-5.11539231147218e-05
-5.48049135877804e-05
-5.82702193612228e-05
-6.15375777397453e-05
-6.45953991735837e-05
-6.74328076177844e-05
-7.00396804014236e-05
-7.24066831379044e-05
-7.45253039486915e-05
-7.63878838254684e-05
-7.79876436054483e-05
-7.93187097010151e-05
-8.03761349083554e-05
-8.11559169470039e-05
-8.16550133006522e-05
-8.18713528233928e-05
-8.18038448097136e-05
-8.14523833131409e-05
-8.08178488764799e-05
-7.99021069699535e-05
-7.87080014490460e-05
-7.72393476911049e-05
-7.55009192667799e-05
-7.34984327990240e-05
-7.12385294088236e-05
-6.87287521032864e-05
-6.59775213489588e-05
-6.29941066745410e-05
-5.97885953390609e-05
-5.63718583848072e-05
-5.27555132832092e-05
-4.89518852990756e-05
-4.49739649663883e-05
-4.08353636665026e-05
-3.65502674206653e-05
-3.21333878829932e-05
-2.75999121557291e-05
-2.29654504009247e-05
-1.82459821216341e-05
-1.34578011579123e-05
-8.61745906277633e-06
-3.74170847905475e-06
1.15255528321256e-06
6.04835263917636e-06
1.09286786464935e-05
1.57765622539330e-05
2.05751249247044e-05
2.53076397900287e-05
2.99575897457771e-05
3.45087251822918e-05
3.89451207887248e-05
4.32512312400490e-05
4.74119455180499e-05
5.14126402659798e-05
5.52392309582928e-05
5.88782214876460e-05
6.23167518103429e-05
6.55426433979756e-05
6.85444423673687e-05
7.13114598980269e-05
7.38338105943370e-05
7.61024476929606e-05
7.81091954085156e-05
7.98467783855727e-05
8.13088482161106e-05
8.24900058873368e-05
8.33858226911843e-05
8.39928560480985e-05
8.43086628083967e-05
8.43318089209788e-05
8.40618754107680e-05
8.34994614500317e-05
8.26461827525549e-05
8.15046679178977e-05
8.00785500327805e-05
7.83724551869369e-05
7.63919876494157e-05
7.41437116360544e-05
7.16351294958173e-05
6.88746565256082e-05
6.58715930956788e-05
6.26360933004833e-05
5.91791305275535e-05
5.55124603156543e-05
5.16485805253097e-05
4.76006883669555e-05
4.33826359298450e-05
3.90088823802870e-05
3.44944445505035e-05
2.98548453496750e-05
2.51060604874453e-05
2.02644633038318e-05
1.53467685208852e-05
1.03699744560259e-05
5.35130423351404e-06
3.08146354655037e-07
-4.74200576583428e-06
-9.78161434694869e-06
-1.47931580958272e-05
-1.97591932717955e-05
-2.46624140878282e-05
-2.94857134157667e-05
-3.42122421663760e-05
-3.88254682484046e-05
-4.33092345044628e-05
-4.76478146733683e-05
-5.18259694661793e-05
-5.58289994270211e-05
-5.96427968506674e-05
-6.32538956306661e-05
-6.66495179704185e-05
-6.98176207958312e-05
-7.27469376524681e-05
-7.54270189098349e-05
-7.78482691430327e-05
-8.00019809208408e-05
-8.18803669488943e-05
-8.34765872781418e-05
-8.47847748222108e-05
-8.58000566275052e-05
-8.65185714733485e-05
-8.69374852374705e-05
-8.70550013747362e-05
-8.68703685856786e-05
-8.63838842377618e-05
-8.55968947384156e-05
-8.45117923198302e-05
-8.31320075214137e-05
-8.14619985352039e-05
-7.95072371282401e-05
-7.72741898433793e-05
-7.47702980312681e-05
-7.20039521269200e-05
-6.89844638479542e-05
-6.57220349005172e-05
-6.22277222888101e-05
-5.85134010577804e-05
-5.45917240728500e-05
-5.04760786697034e-05
-4.61805411084981e-05
-4.17198281894571e-05
-3.71092471951329e-05
-3.23646431574787e-05
-2.75023442846134e-05
-2.25391060304503e-05
-1.74920531037515e-05
-1.23786205463716e-05
-7.21649340817976e-06
-2.02354555867146e-06
3.18222217643438e-06
8.38274438308417e-06
1.35599538673148e-05
1.86958443428864e-05
2.37725331224681e-05
2.87723234571047e-05
3.36777658809240e-05
3.84717196340034e-05
4.31374122875638e-05
4.76584984134831e-05
5.20191170210182e-05
5.62039468192665e-05
6.01982606660556e-05
6.39879767305729e-05
6.75597086825519e-05
7.09008128119137e-05
7.39994323701865e-05
7.68445403167561e-05
7.94259781109474e-05
8.17344922054986e-05
8.37617668274504e-05
8.55004541051585e-05
8.69442009623356e-05
8.80876718909462e-05
8.89265687629148e-05
8.94576470944486e-05
8.96787274964339e-05
8.95887059524370e-05
8.91875577799794e-05
8.84763391724164e-05
8.74571848363814e-05
8.61333012132093e-05
8.45089574337266e-05
8.25894706526498e-05
8.03811895284667e-05
7.78914729515634e-05
7.51286651627936e-05
7.21020686782481e-05
6.88219124800327e-05
6.52993173080318e-05
6.15462586512905e-05
5.75755252025800e-05
5.34006761121475e-05
4.90359942570961e-05
4.44964374839429e-05
3.97975875205958e-05
3.49555959555659e-05
2.99871295652565e-05
2.49093123638744e-05
1.97396668966121e-05
1.44960535948258e-05
9.19660900322583e-06
3.85968338356690e-06
-1.49622304057573e-06
-6.85252417120807e-06
-1.21906124803672e-05
-1.74919237831972e-05
-2.27380015633827e-05
-2.79105614424680e-05
-3.29915546544157e-05
-3.79632312696998e-05
-4.28082020551557e-05
-4.75094992893332e-05
-5.20506361816331e-05
-5.64156647016034e-05
-6.05892316389856e-05
-6.45566321999524e-05
-6.83038623972010e-05
-7.18176680436500e-05
-7.50855917495130e-05
-7.80960171731238e-05
-8.08382097030602e-05
-8.33023555752987e-05
-8.54795963860511e-05
-8.73620610111203e-05
-8.89428941039938e-05
-9.02162807303597e-05
-9.11774681870980e-05
-9.18227828954343e-05
-9.21496451216086e-05
-9.21565786615730e-05
-9.18432170688988e-05
-9.12103064081293e-05
-9.02597036471775e-05
-8.89943715485231e-05
-8.74183691230712e-05
-8.55368392187472e-05
-8.33559916060267e-05
-8.08830824565732e-05
-7.81263903553153e-05
-7.50951884747053e-05
-7.17997133232728e-05
-6.82511306679956e-05
-6.44614972946655e-05
-6.04437201623398e-05
-5.62115124598250e-05
-5.17793469150263e-05
-4.71624059938947e-05
-4.23765303265711e-05
-3.74381640897425e-05
-3.23642985096129e-05
-2.71724135938456e-05
-2.18804176590481e-05
-1.65065857391511e-05
-1.10694963604274e-05
-5.58796732841316e-06
-8.09908318188945e-08
5.43233276895094e-06
1.09328609192438e-05
1.64014754067132e-05
2.18191489613773e-05
2.71670108999977e-05
3.24264136568608e-05
3.75789973030560e-05
4.26067537335761e-05
4.74920898418940e-05
5.22178882709223e-05
5.67675685365643e-05
6.11251444655458e-05
6.52752805208046e-05
6.92033459161190e-05
7.28954655710573e-05
7.63385701392227e-05
7.95204412419315e-05
8.24297555374054e-05
8.50561247764947e-05
8.73901322882009e-05
8.94233677386502e-05
9.11484566692433e-05
9.25590875615612e-05
9.36500344401736e-05
9.44171764167834e-05
9.48575133978835e-05
9.49691772955674e-05
9.47514398381699e-05
9.42047165430893e-05
9.33305652632832e-05
9.21316837843023e-05
9.06119003882822e-05
8.87761620473881e-05
8.66305185480698e-05
8.41821020172162e-05
8.14391038890250e-05
7.84107474967044e-05
7.51072567668487e-05
7.15398220618724e-05
6.77205616410603e-05
6.36624814411846e-05
5.93794302563566e-05
5.48860523776895e-05
5.01977380320540e-05
4.53305699403828e-05
4.03012689442761e-05
3.51271360905514e-05
2.98259931952316e-05
2.44161216205185e-05
1.89161987353970e-05
1.33452341408713e-05
7.72250350777881e-06
2.06748195807904e-06
-3.60022330170295e-06
-9.26094123521182e-06
-1.48950048224350e-05
-2.04828197407636e-05
-2.60049323959066e-05
-3.14420976295082e-05
-3.67753458867526e-05
-4.19860492950619e-05
-4.70559868439580e-05
-5.19674078631738e-05
-5.67030945859415e-05
-6.12464220210995e-05
-6.55814167487279e-05
-6.96928128363083e-05
-7.35661057333914e-05
-7.71876031144814e-05
-8.05444736950989e-05
-8.36247924631550e-05
-8.64175830734837e-05
-8.89128569045994e-05
-9.11016489570926e-05
-9.29760493519893e-05
-9.45292329035397e-05
-9.57554831977347e-05
-9.66502138446401e-05
-9.72099854763542e-05
-9.74325187446112e-05
-9.73167037656708e-05
-9.68626045434462e-05
-9.60714606268454e-05
-9.49456836014662e-05
-9.34888497532427e-05
-9.17056891953649e-05
-8.96020703340383e-05
-8.71849807833058e-05
-8.44625038514124e-05
-8.14437919824940e-05
-7.81390359136935e-05
-7.45594302102859e-05
-7.07171354257241e-05
-6.66252369185827e-05
-6.22976998982949e-05
-5.77493224369618e-05
-5.29956844630419e-05
-4.80530944564350e-05
-4.29385336424559e-05
-3.76695975603525e-05
-3.22644354788792e-05
-2.67416881314375e-05
-2.11204232378748e-05
-1.54200697828344e-05
-9.66035075933291e-06
-3.86121512363502e-06
1.95723147200511e-06
7.77479624858302e-06
1.35712694735446e-05
1.93264944599036e-05
2.50204379064201e-05
3.06332594739445e-05
3.61453809141210e-05
4.15375544999819e-05
4.67909296890667e-05
5.18871197883186e-05
5.68082657927960e-05
6.15370990484365e-05
6.60570020336593e-05
7.03520660234602e-05
7.44071480980324e-05
7.82079238277333e-05
8.17409380218237e-05
8.49936524254247e-05
8.79544897145479e-05
9.06128755140401e-05
9.29592752001440e-05
9.49852287597253e-05
9.66833810362999e-05
9.80475078815601e-05
9.90725396921022e-05
9.97545796526111e-05
1.00090918644824e-04
1.00080045498885e-04
9.97216536298140e-05
9.90166435084205e-05
9.79671204301980e-05
9.65763884224202e-05
9.48489402032848e-05
9.27904418039915e-05
9.04077154366689e-05
8.77087159798506e-05
8.47025046732952e-05
8.13992188550827e-05
7.78100374327906e-05
7.39471433561789e-05
6.98236823701848e-05
6.54537180393433e-05
6.08521839691178e-05
5.60348324292193e-05
5.10181809216803e-05
4.58194552503954e-05
4.04565302813964e-05
3.49478687855509e-05
2.93124575181380e-05
2.35697420798431e-05
1.77395595963858e-05
1.18420702754918e-05
5.89768765202336e-06
-7.29920905939707e-08
-6.04926144198714e-06
-1.20103734566612e-05
-1.79356137639530e-05
-2.38043726366044e-05
-2.95962164020835e-05
-3.52909590084494e-05
-4.08687321549195e-05
-4.63100546426176e-05
-5.15959005333855e-05
-5.67077653581549e-05
-6.16277314371416e-05
-6.63385301056252e-05
-7.08236028348352e-05
-7.50671592726349e-05
-7.90542324260457e-05
-8.27707321562343e-05
-8.62034945185997e-05
-8.93403285662231e-05
-9.21700594105346e-05
-9.46825680205876e-05
-9.68688278657481e-05
-9.87209368314979e-05
-1.00232145902268e-04
-1.01396883955829e-04
-1.02210777219724e-04
-1.02670667136096e-04
-1.02774621577595e-04
-1.02521942789480e-04
-1.01913171306478e-04
-1.00950084572560e-04
-9.96356930116349e-05
-9.79742296358665e-05
-9.59711373802463e-05
-9.36330510405980e-05
-9.09677748524018e-05
-8.79842573890954e-05
-8.46925609714333e-05
-8.11038280374987e-05
-7.72302431677474e-05
-7.30849918291199e-05
-6.86822159252642e-05
-6.40369650994899e-05
-5.91651455170705e-05
-5.40834655051725e-05
-4.88093776773724e-05
-4.33610199905843e-05
-3.77571526684051e-05
-3.20170938348241e-05
-2.61606530038705e-05
-2.02080624127632e-05
-1.41799075521476e-05
-8.09705577076159e-06
-1.98058407008261e-06
4.14829387729299e-06
1.02683014571170e-05
1.63581727044004e-05
2.23967263828229e-05
2.83629395099183e-05
3.42360206921910e-05
3.99954824814586e-05
4.56212128110423e-05
5.10935452755490e-05
5.63933278208140e-05
6.15019898884128e-05
6.64016070839324e-05
7.10749645964626e-05
7.55056173904478e-05
7.96779478573484e-05
8.35772214120567e-05
8.71896376448689e-05
9.05023800807925e-05
9.35036610112405e-05
9.61827636052348e-05
9.85300801810141e-05
1.00537146346724e-04
1.02196671992516e-04
1.03502566981994e-04
1.04449964176467e-04
1.05035237115914e-04
1.05256013613442e-04
1.05111185559892e-04
1.04600913668484e-04
1.03726628305267e-04
1.02491025279150e-04
1.00898058146726e-04
9.89529255006616e-05
9.66620539548657e-05
9.40330770546893e-05
9.10748099540726e-05
8.77972193844556e-05
8.42113909400588e-05
8.03294910136643e-05
7.61647256983800e-05
7.17312958800065e-05
6.70443488504091e-05
6.21199263521888e-05
5.69749100534089e-05
5.16269634451838e-05
4.60944711782041e-05
4.03964760335995e-05
3.45526131995122e-05
2.85830427317890e-05
2.25083798972570e-05
1.63496240608296e-05
1.01280862201403e-05
3.86531496388010e-06
-2.41697791225626e-06
-8.69699292016524e-06
-1.49529183292030e-05
-2.11630057654899e-05
-2.73056461730856e-05
-3.33594450029340e-05
-3.93032963725837e-05
-4.51164570183238e-05
-5.07786181813685e-05
-5.62699774677711e-05
-6.15713069647139e-05
-6.66640216722136e-05
-7.15302437779286e-05
-7.61528656316734e-05
-8.05156100431859e-05
-8.46030879575466e-05
-8.84008515895651e-05
-9.18954472099998e-05
-9.50744601273534e-05
-9.79265620357772e-05
-1.00441548572583e-04
-1.02610377797241e-04
-1.04425201233660e-04
-1.05879392506836e-04
-1.06967572693684e-04
-1.07685628379706e-04
-1.08030727957065e-04
-1.08001333317453e-04
-1.07597204753951e-04
-1.06819404074976e-04
-1.05670292456672e-04
-1.04153522196171e-04
-1.02274026104077e-04
-1.00038000902636e-04
-9.74528880144376e-05
-9.45273471435470e-05
-9.12712290306317e-05
-8.76955408903868e-05
-8.38124098798687e-05
-7.96350418799108e-05
-7.51776771252821e-05
-7.04555404364982e-05
-6.54847908183598e-05
-6.02824645419275e-05
-5.48664178960934e-05
-4.92552653952316e-05
-4.34683162691130e-05
-3.75255074036573e-05
-3.14473348677069e-05
-2.52547836101513e-05
-1.89692544605435e-05
-1.26124904564762e-05
-6.20650164329106e-06
2.26511415846176e-07
6.66423420803142e-06
1.30843159702465e-05
1.94644470781213e-05
2.57824368805615e-05
3.20162904365873e-05
3.81442856642877e-05
4.41450483794625e-05
4.99976276113756e-05
5.56815679821909e-05
6.11769818039676e-05
6.64646181753881e-05
7.15259311530048e-05
7.63431437329487e-05
8.08993114889134e-05
8.51783812212403e-05
8.91652478918203e-05
9.28458077327221e-05
9.62070089567391e-05
9.92368967089874e-05
1.01924656377150e-04
1.04260652558530e-04
1.06236462214415e-04
1.07844906783505e-04
1.09080076559742e-04
1.09937353419021e-04
1.10413427328204e-04
1.10506310087022e-04
1.10215341735387e-04
1.09541196134710e-04
1.08485876983755e-04
1.07052715312417e-04
1.05246356307820e-04
1.03072746420185e-04
1.00539112191322e-04
9.76539373859220e-05
9.44269339410164e-05
9.08690103129661e-05
8.69922331809825e-05
8.28097880665180e-05
7.83359333581535e-05
7.35859521079352e-05
6.85761004340923e-05
6.33235509037711e-05
5.78463343269275e-05
5.21632777137349e-05
4.62939398282458e-05
4.02585433139091e-05
3.40779057144136e-05
2.77733670996927e-05
2.13667167947573e-05
1.48801178518898e-05
8.33603063132848e-06
1.75713477101880e-06
-4.83374923376800e-06
-1.14137391631353e-05
-1.79599706076061e-05
-2.44496762471513e-05
-3.08602653249501e-05
-3.71694018639346e-05
-4.33550826470785e-05
-4.93957142744250e-05
-5.52701879081852e-05
-6.09579533161764e-05
-6.64390911424562e-05
-7.16943818863669e-05
-7.67053735897250e-05
-8.14544471801071e-05
-8.59248774141008e-05
-9.01008923168689e-05
-9.39677285831664e-05
-9.75116843715540e-05
-1.00720166564372e-04
-1.03581737013414e-04
-1.06086151848928e-04
-1.08224398980283e-04
-1.09988729931842e-04
-1.11372688884614e-04
-1.12371134552092e-04
-1.12980261016915e-04
-1.13197610565052e-04
-1.13022084208936e-04
-1.12453946305990e-04
-1.11494825723923e-04
-1.10147709948549e-04
-1.08416936658529e-04
-1.06308180381376e-04
-1.03828432502340e-04
-1.00985979756274e-04
-9.77903751433473e-05
-9.42524066953609e-05
-9.03840605985806e-05
-8.61984814068961e-05
-8.17099260483900e-05
-7.69337168904372e-05
-7.18861874524634e-05
-6.65846287244420e-05
-6.10472281472596e-05
-5.52930084367631e-05
-4.93417613203206e-05
-4.32139800707887e-05
-3.69307885623726e-05
-3.05138688450057e-05
-2.39853857575412e-05
-1.73679108623759e-05
-1.06843441205484e-05
-3.95783465911848e-06
2.78829931765756e-06
9.53065150710586e-06
1.62458086201411e-05
2.29104317206463e-05
2.95013375009034e-05
3.59955786191080e-05
4.23705240919503e-05
4.86039376967895e-05
5.46740556774949e-05
6.05596627858418e-05
6.62401668281021e-05
7.16956697868198e-05
7.69070388728643e-05
8.18559716320166e-05
8.65250626826963e-05
9.08978628242352e-05
9.49589385630389e-05
9.86939253602159e-05
1.02089578807307e-04
1.05133822466241e-04
1.07815789424759e-04
1.10125861660815e-04
1.12055705303149e-04
1.13598299101014e-04
1.14747960882677e-04
1.15500368957244e-04
1.15852576892950e-04
1.15803025972250e-04
1.15351551004839e-04
1.14499383401023e-04
1.13249146245664e-04
1.11604848201718e-04
1.09571869288505e-04
1.07156943952802e-04
1.04368138801991e-04
1.01214826301987e-04
9.77076518799969e-05
9.38584997909331e-05
8.96804511656413e-05
8.51877408134527e-05
8.03957081014772e-05
7.53207452985905e-05
6.99802406960437e-05
6.43925191585737e-05
5.85767803222836e-05
5.25530311792366e-05
4.63420180492058e-05
3.99651553775193e-05
3.34444510481369e-05
2.68024312495285e-05
2.00620624251080e-05
1.32466716351587e-05
6.37986625284803e-06
-5.14548370800227e-07
-7.41265079495790e-06
-1.42904868237759e-05
-2.11241527410255e-05
-2.78898780723402e-05
-3.45641087292070e-05
-4.11235883715499e-05
-4.75454401692721e-05
-5.38072457747507e-05
-5.98871243915333e-05
-6.57638087022683e-05
-7.14167192230608e-05
-7.68260364760742e-05
-8.19727709133744e-05
-8.68388286434651e-05
-9.14070756956598e-05
-9.56613985159116e-05
-9.95867597368694e-05
-1.03169252771096e-04
-1.06396149640808e-04
-1.09255947203124e-04
-1.11738407283291e-04
-1.13834594494655e-04
-1.15536906649005e-04
-1.16839104327582e-04
-1.17736331133322e-04
-1.18225134572825e-04
-1.18303476671855e-04
-1.17970744260454e-04
-1.17227750608961e-04
-1.16076734721027e-04
-1.14521355114583e-04
-1.12566676909509e-04
-1.10219156383540e-04
-1.07486620096520e-04
-1.04378237795633e-04
-1.00904491978415e-04
-9.70771433852491e-05
-9.29091899823931e-05
-8.84148235338333e-05
-8.36093812421890e-05
-7.85092936421705e-05
-7.31320275444425e-05
-6.74960274495984e-05
-6.16206511728778e-05
-5.55261041971233e-05
-4.92333695724101e-05
-4.27641362728132e-05
-3.61407237872702e-05
-2.93860056942430e-05
-2.25233304235184e-05
-1.55764404392578e-05
-8.56939024229675e-06
-1.52646313344995e-06
5.52791314789580e-06
1.25692507586539e-05
1.95730873042699e-05
2.65150704166217e-05
3.33710424391676e-05
4.01171249606591e-05
4.67298011055384e-05
5.31859982353389e-05
5.94631685029157e-05
6.55393668271831e-05
7.13933288764013e-05
7.70045434499433e-05
8.23533268704546e-05
8.74208898778428e-05
9.21894051616468e-05
9.66420689687553e-05
1.00763160612249e-04
1.04538098137930e-04
1.07953490243506e-04
1.10997182733996e-04
1.13658303099395e-04
1.15927297687168e-04
1.17795967359502e-04
1.19257496164593e-04
1.20306477239041e-04
1.20938931406300e-04
1.21152322490659e-04
1.20945568537145e-04
1.20319044712325e-04
1.19274585186346e-04
1.17815476414762e-04
1.15946447439619e-04
1.13673654740687e-04
1.11004662476155e-04
1.07948416009584e-04
1.04515213841694e-04
1.00716670227818e-04
9.65656791711567e-05
9.20763679861381e-05
8.72640510261036e-05
8.21451761954251e-05
7.67372692793700e-05
7.10588739423201e-05
6.51294884628228e-05
5.89694979087341e-05
5.26001051062153e-05
4.60432565949631e-05
3.93215677751968e-05
3.24582447666089e-05
2.54770040148955e-05
1.84019905704602e-05
1.12576943269715e-05
4.06886562309694e-06
-3.13957085129601e-06
-1.03426023194686e-05
-1.75152147239288e-05
-2.46324798043318e-05
-3.16696413280582e-05
-3.86022017959675e-05
-4.54060069108309e-05
-5.20573308371297e-05
-5.85329577069693e-05
-6.48102639009274e-05
-7.08672959266465e-05
-7.66828483240722e-05
-8.22365368973177e-05
-8.75088707021909e-05
-9.24813207736630e-05
-9.71363843561557e-05
-1.01457646985770e-04
-1.05429840933702e-04
-1.09038898145397e-04
-1.12272000340918e-04
-1.15117625375083e-04
-1.17565586981838e-04
-1.19607072006644e-04
-1.21234671836667e-04
-1.22442409914880e-04
-1.23225762165280e-04
-1.23581675741669e-04
-1.23508579017440e-04
-1.23006389435965e-04
-1.22076514195602e-04
-1.20721847610472e-04
-1.18946760677918e-04
-1.16757088739483e-04
-1.14160111031492e-04
-1.11164527193619e-04
-1.07780427874182e-04
-1.04019261587318e-04
-9.98937947480627e-05
-9.54180692005480e-05
-9.06073546724784e-05
-8.54780958543522e-05
-8.00478567266616e-05
-7.43352607783798e-05
-6.83599264612589e-05
-6.21424000915027e-05
-5.57040856477009e-05
-4.90671703623491e-05
-4.22545490073034e-05
-3.52897442152944e-05
-2.81968260087417e-05
-2.10003280483040e-05
-1.37251631859847e-05
-6.39653689993303e-06
9.60139677541605e-07
8.31933813283392e-06
1.56555012207349e-05
2.29431315071915e-05
3.01568803138252e-05
3.72716353710945e-05
4.42626085728204e-05
5.11054224126006e-05
5.77761946023436e-05
6.42516216542433e-05
7.05090600368052e-05
7.65266059938874e-05
8.22831710998173e-05
8.77585573988426e-05
9.29335271244724e-05
9.77898706908675e-05
1.02310471405964e-04
1.06479364553991e-04
1.10281794338363e-04
1.13704266957448e-04
1.16734596063317e-04
1.19361949158403e-04
1.21576883809205e-04
1.23371382507287e-04
1.24738882233189e-04
1.25674296801215e-04
1.26174037526461e-04
1.26236025186799e-04
1.25859699199538e-04
1.25046021361541e-04
1.23797472136644e-04
1.22118045011277e-04
1.20013232422167e-04
1.17490007735199e-04
1.14556804014398e-04
1.11223483596490e-04
1.07501306741753e-04
1.03402892282389e-04
9.89421754020725e-05
9.41343607809841e-05
8.89958696195237e-05
8.35442847435530e-05
7.77982894906160e-05
7.17776040577434e-05
6.55029181473310e-05
5.89958191490325e-05
5.22787186447715e-05
4.53747743094368e-05
3.83078108789903e-05
3.11022375978354e-05
2.37829638241038e-05
1.63753129669431e-05
8.90493492100575e-06
1.39771718110637e-06
-6.12030499880234e-06
-1.36230385479053e-05
-2.10844237216179e-05
-2.84785241122520e-05
-3.57796167458346e-05
-4.29622826239040e-05
-5.00014935207460e-05
-5.68727009806480e-05
-6.35519205847146e-05
-7.00158162079134e-05
-7.62417820183714e-05
-8.22080205242770e-05
-8.78936200034985e-05
-9.32786269078889e-05
-9.83441159441156e-05
-1.03072257895409e-04
-1.07446380095411e-04
-1.11451028080634e-04
-1.15072016823259e-04
-1.18296483694103e-04
-1.21112933524792e-04
-1.23511278472765e-04
-1.25482875646288e-04
-1.27020557050050e-04
-1.28118655590592e-04
-1.28773027663120e-04
-1.28981065803835e-04
-1.28741712056457e-04
-1.28055460020038e-04
-1.26924355901115e-04
-1.25351993026324e-04
-1.23343498279777e-04
-1.20905518375861e-04
-1.18046195830154e-04
-1.14775142042098e-04
-1.11103406801732e-04
-1.07043438081197e-04
-1.02609043008475e-04
-9.78153381355623e-05
-9.26786996621187e-05
-8.72167073559804e-05
-8.14480834372827e-05
-7.53926300731678e-05
-6.90711594726334e-05
-6.25054234783540e-05
-5.57180391200784e-05
-4.87324097130371e-05
-4.15726449504161e-05
-3.42634773371486e-05
-2.68301763675094e-05
-1.92984625948522e-05
-1.16944166017596e-05
-4.04439080803343e-06
3.62508372386827e-06
1.12873879336561e-05
1.89159078685108e-05
2.64841267378912e-05
3.39657175514319e-05
4.13346338072884e-05
4.85652014523552e-05
5.56322069389381e-05
6.25109864085260e-05
6.91775105998715e-05
7.56084699071735e-05
8.17813546634127e-05
8.76745352460517e-05
9.32673364681946e-05
9.85401115158879e-05
1.03474309744556e-04
1.08052542320713e-04
1.12258643853558e-04
1.16077729223285e-04
1.19496245948092e-04
1.22502022814164e-04
1.25084312226686e-04
1.27233830130802e-04
1.28942787446462e-04
1.30204920235855e-04
1.31015510712373e-04
1.31371406158820e-04
1.31271030419988e-04
1.30714390710995e-04
1.29703079037924e-04
1.28240266528579e-04
1.26330695709109e-04
1.23980663714995e-04
1.21198002073775e-04
1.17992050403637e-04
1.14373625561826e-04
1.10354984277555e-04
1.05949783126058e-04
1.01173030339963e-04
9.60410364778674e-05
9.05713571515143e-05
8.47827342951302e-05
7.86950310753820e-05
7.23291640911672e-05
6.57070313567765e-05
5.88514375370330e-05
5.17860144513271e-05
4.45351406046512e-05
3.71238561891474e-05
2.95777774663719e-05
2.19230073303933e-05
1.41860461884136e-05
6.39369861676897e-06
-1.42701760807995e-06
-9.24896715126522e-06
-1.70449894687508e-05
-2.47879942554263e-05
-3.24510553095791e-05
-4.00075039923564e-05
-4.74310222475793e-05
-5.46957342226762e-05
-6.17762957348944e-05
-6.86479846061516e-05
-7.52867842672700e-05
-8.16694705392251e-05
-8.77736902937798e-05
-9.35780413096055e-05
-9.90621474015185e-05
-1.04206728058109e-04
-1.08993669519108e-04
-1.13406084770062e-04
-1.17428375614459e-04
-1.21046287468118e-04
-1.24246958687735e-04
-1.27018967819303e-04
-1.29352373078540e-04
-1.31238747864693e-04
-1.32671213227020e-04
-1.33644459466176e-04
-1.34154769468431e-04
-1.34200029680009e-04
-1.33779739580397e-04
-1.32895016148549e-04
-1.31548588773178e-04
-1.29744792945363e-04
-1.27489555010740e-04
-1.24790372751704e-04
-1.21656292426664e-04
-1.18097875332346e-04
-1.14127165647293e-04
-1.09757646575392e-04
-1.05004196545355e-04
-9.98830383287519e-05
-9.44116827135133e-05
-8.86088700147170e-05
-8.24945043618186e-05
-7.60895863027855e-05
-6.94161414598327e-05
-6.24971426361753e-05
-5.53564332044232e-05
-4.80186426941032e-05
-4.05091033774951e-05
-3.28537622653613e-05
-2.50790913076671e-05
-1.72119961252548e-05
-9.27972274489264e-06
-1.30976298162722e-06
6.67024007761086e-06
1.46325890577614e-05
2.25496274044445e-05
3.03938360897149e-05
3.81379292573314e-05
4.57549487427045e-05
5.32183584232016e-05
6.05021362272140e-05
6.75808653625154e-05
7.44298222912221e-05
8.10250642047095e-05
8.73435113319943e-05
9.33630293449283e-05
9.90625049652749e-05
1.04421921731657e-04
1.09422429710904e-04
1.14046411374247e-04
1.18277544371992e-04
1.22100858643392e-04
1.25502789217080e-04
1.28471225474769e-04
1.30995552394708e-04
1.33066690615635e-04
1.34677127080707e-04
1.35820943453879e-04
1.36493838073903e-04
1.36693140216693e-04
1.36417823171087e-04
1.35668506935360e-04
1.34447457785569e-04
1.32758582545023e-04
1.30607414346784e-04
1.28001096697972e-04
1.24948357893118e-04
1.21459482940622e-04
1.17546279096103e-04
1.13222034958227e-04
1.08501476628220e-04
1.03400716660929e-04
9.79371988236721e-05
9.21296401443783e-05
8.59979648097919e-05
7.95632374597233e-05
7.28475895712677e-05
6.58741440346944e-05
5.86669357964809e-05
5.12508282319857e-05
4.36514282782241e-05
3.58949972518730e-05
2.80083606547521e-05
2.00188152668090e-05
1.19540345693281e-05
3.84197307568002e-06
-4.28923070749931e-06
-1.24113517045998e-05
-2.04961763632383e-05
-2.85156005190856e-05
-3.64417272340489e-05
-4.42469637000897e-05
-5.19041171678225e-05
-5.93864900899632e-05
-6.66679725611630e-05
-7.37231340899314e-05
-8.05273119492966e-05
-8.70566968362851e-05
-9.32884182081040e-05
-9.92006213476060e-05
-1.04772546817955e-04
-1.09984601438740e-04
-1.14818427892516e-04
-1.19256969645321e-04
-1.23284530173962e-04
-1.26886829548312e-04
-1.30051054066271e-04
-1.32765902071341e-04
-1.35021625029097e-04
-1.36810060970660e-04
-1.38124665921779e-04
-1.38960535249311e-04
-1.39314424167480e-04
-1.39184759353483e-04
-1.38571645023511e-04
-1.37476864708219e-04
-1.35903875450261e-04
-1.33857797210979e-04
-1.31345396754412e-04
-1.28375064472053e-04
-1.24956787198371e-04
-1.21102114005289e-04
-1.16824117351477e-04
-1.12137349509212e-04
-1.07057791282728e-04
-1.01602799811751e-04
-9.57910473680101e-05
-8.96424585103972e-05
-8.31781412813370e-05
-7.64203149943299e-05
-6.93922336125752e-05
-6.21181060100895e-05
-5.46230121738489e-05
-4.69328172325589e-05
-3.90740817088897e-05
-3.10739700681850e-05
-2.29601566132942e-05
-1.47607300675645e-05
-6.50409563185406e-06
1.78112229676231e-06
1.00661808808411e-05
1.83223170289182e-05
2.65208482712609e-05
3.46332722891418e-05
4.26313655186306e-05
5.04872821309732e-05
5.81736502880403e-05
6.56636674509770e-05
7.29311953602263e-05
7.99508482458577e-05
8.66980857487931e-05
9.31492941607104e-05
9.92818722220790e-05
1.05074309642461e-04
1.10506261517429e-04
1.15558621327949e-04
1.20213586805917e-04
1.24454722824296e-04
1.28267021052508e-04
1.31636950509773e-04
1.34552507915942e-04
1.37003258990021e-04
1.38980375073317e-04
1.40476668184064e-04
1.41486612829311e-04
1.42006370355219e-04
1.42033799924945e-04
1.41568469262054e-04
1.40611657398537e-04
1.39166349837794e-04
1.37237231351506e-04
1.34830669203723e-04
1.31954692458081e-04
1.28618967199401e-04
1.24834760654835e-04
1.20614907135774e-04
1.15973760394184e-04
1.10927147979112e-04
1.05492316539113e-04
9.96878717938188e-05
9.35337164005290e-05
8.70509805839248e-05
8.02619494919554e-05
7.31899884822695e-05
6.58594597791051e-05
5.82956416526059e-05
5.05246384863156e-05
4.25732925055655e-05
3.44690906972644e-05
2.62400691717346e-05
1.79147170422667e-05
9.52187729463816e-06
1.09064646558465e-06
-7.34972471683193e-06
-1.57699349401241e-05
-2.41407318100073e-05
-3.24330154883867e-05
-4.06179383549699e-05
-4.86670061174976e-05
-5.65521768081112e-05
-6.42459581552401e-05
-7.17215044412356e-05
-7.89527085620634e-05
-8.59142948557157e-05
-9.25819061716737e-05
-9.89321900677353e-05
-1.04942879560532e-04
-1.10592872331505e-04
-1.15862303637915e-04
-1.20732617239661e-04
-1.25186629753138e-04
-1.29208592149599e-04
-1.32784244400330e-04
-1.35900867545669e-04
-1.38547326526517e-04
-1.40714112752627e-04
-1.42393375953453e-04
-1.43578953928025e-04
-1.44266394287607e-04
-1.44452971704720e-04
-1.44137697891511e-04
-1.43321327001344e-04
-1.42006353134883e-04
-1.40197004252718e-04
-1.37899227118821e-04
-1.35120669312316e-04
-1.31870652662736e-04
-1.28160142333300e-04
-1.24001710191557e-04
-1.19409492283395e-04
-1.14399139985011e-04
-1.08987767831970e-04
-1.03193893868703e-04
-9.70373775159850e-05
-9.05393503281005e-05
-8.37221445526559e-05
-7.66092154105280e-05
-6.92250614449108e-05
-6.15951390035008e-05
-5.37457753218007e-05
-4.57040776007389e-05
-3.74978387513991e-05
-2.91554425926321e-05
-2.07057639594055e-05
-1.21780707500463e-05
-3.60192044279728e-06
4.99294027278552e-06
1.35766801889758e-05
2.21194865748231e-05
3.05916685165997e-05
3.89637605762161e-05
4.72066249832537e-05
5.52915521430108e-05
6.31903634253916e-05
7.08755052940546e-05
7.83201495213603e-05
8.54982835356566e-05
9.23848030893737e-05
9.89556000430269e-05
1.05187645637272e-04
1.11059072610331e-04
1.16549250728681e-04
1.21638859150508e-04
1.26309956511861e-04
1.30546040711721e-04
1.34332111141333e-04
1.37654717532243e-04
1.40502010943067e-04
1.42863785303149e-04
1.44731512573770e-04
1.46098375436665e-04
1.46959290479032e-04
1.47310927170352e-04
1.47151722703853e-04
1.46481884950589e-04
1.45303396921648e-04
1.43620007547085e-04
1.41437221756746e-04
1.38762283096838e-04
1.35604147050827e-04
1.31973454493561e-04
1.27882493252685e-04
1.23345157426513e-04
1.18376901003359e-04
1.12994683520995e-04
1.07216913995956e-04
1.01063386601652e-04
9.45552129287819e-05
8.77147512561294e-05
8.05655269271455e-05
7.31321543590013e-05
6.54402498838635e-05
5.75163446026039e-05
4.93877932523645e-05
4.10826786580998e-05
3.26297157435818e-05
2.40581514798777e-05
1.53976637626840e-05
6.67825951694567e-06
-2.06983078854250e-06
-1.08162563261516e-05
-1.95306527306371e-05
-2.81827464014839e-05
-3.67424603755495e-05
-4.51800182705853e-05
-5.34660488682448e-05
-6.15716870662197e-05
-6.94686756350649e-05
-7.71294629959840e-05
-8.45272997640478e-05
-9.16363318523850e-05
-9.84316911907257e-05
-1.04889582162926e-04
-1.10987365863124e-04
-1.16703638266102e-04
-1.22018306687011e-04
-1.26912659421663e-04
-1.31369431457529e-04
-1.35372866733263e-04
-1.38908772377988e-04
-1.41964570081754e-04
-1.44529339934252e-04
-1.46593859950528e-04
-1.48150639493139e-04
-1.49193945507164e-04
-1.49719824644734e-04
-1.49726117328441e-04
-1.49212466515891e-04
-1.48180321042801e-04
-1.46632930206891e-04
-1.44575335582431e-04
-1.42014352327635e-04
-1.38958548733470e-04
-1.35418217066530e-04
-1.31405338148483e-04
-1.26933542038188e-04
-1.22018060773499e-04
-1.16675676913758e-04
-1.10924666804735e-04
-1.04784736913999e-04
-9.82769576598486e-05
-9.14236899927090e-05
-8.42485092054091e-05
-7.67761240556553e-05
-6.90322907619390e-05
-6.10437252905882e-05
-5.28380107915893e-05
-4.44435021993428e-05
-3.58892285898804e-05
-2.72047925680141e-05
-1.84202679527345e-05
-9.56609570046396e-06
-6.72978380578115e-07
8.22822628698816e-06
1.71066125265185e-05
2.59313334574074e-05
3.46717090451421e-05
4.32973315316332e-05
5.17781725548616e-05
6.00846865488336e-05
6.81879142057085e-05
7.60595835842537e-05
8.36722079533558e-05
9.09991829196599e-05
9.80148781266621e-05
1.04694727632193e-04
1.11015316093699e-04
1.16954459890906e-04
1.22491286397519e-04
1.27606305380112e-04
1.32281479118035e-04
1.36500285996988e-04
1.40247777473235e-04
1.43510632820920e-04
1.46277204716938e-04
1.48537561742046e-04
1.50283524234851e-04
1.51508692741942e-04
1.52208472634641e-04
1.52380090174375e-04
1.52022603622015e-04
1.51136908812077e-04
1.49725734562622e-04
1.47793637761851e-04
1.45346985917172e-04
1.42393937636598e-04
1.38944415347453e-04
1.35010071357300e-04
1.30604249257260e-04
1.25741938106216e-04
1.20439721417398e-04
1.14715721490910e-04
1.08589536015558e-04
1.02082172510620e-04
9.52159750653436e-05
8.80145479271732e-05
8.05026749155502e-05
7.27062335403872e-05
6.46521059142202e-05
5.63680863301386e-05
4.78827848091612e-05
3.92255290133647e-05
3.04262621817486e-05
2.15154397587014e-05
1.25239243988773e-05
3.48287834484040e-06
-5.57634406739282e-06
-1.46223053079098e-05
-2.36235939592433e-05
-3.25489334844775e-05
-4.13672907697560e-05
-5.00479851517355e-05
-5.85607933238919e-05
-6.68760566266968e-05
-7.49647825877275e-05
-8.27987470426450e-05
-9.03505926466153e-05
-9.75939237140011e-05
-1.04503399484202e-04
-1.11054822092171e-04
-1.17225220442663e-04
-1.22992933629718e-04
-1.28337683353408e-04
-1.33240648537480e-04
-1.37684528878523e-04
-1.41653607386161e-04
-1.45133806126907e-04
-1.48112734887462e-04
-1.50579736899914e-04
-1.52525925535940e-04
-1.53944216350510e-04
-1.54829354844566e-04
-1.55177932480655e-04
-1.54988403577860e-04
-1.54261087644159e-04
-1.52998172906038e-04
-1.51203708744774e-04
-1.48883591911897e-04
-1.46045548838458e-04
-1.42699108574007e-04
-1.38855570883223e-04
-1.34527969997578e-04
-1.29731027781688e-04
-1.24481105773455e-04
-1.18796148217193e-04
-1.12695620732239e-04
-1.06200445467941e-04
-9.93329259300069e-05
-9.21166745726509e-05
-8.45765279811062e-05
-7.67384635134150e-05
-6.86295094416423e-05
-6.02776511557934e-05
-5.17117352742957e-05
-4.29613696697473e-05
-3.40568208025971e-05
-2.50289103487233e-05
-1.59089064739604e-05
-6.72841787885403e-06
2.48071803143901e-06
1.16865437451708e-05
2.08570936424124e-05
2.99605042513029e-05
3.89651257028945e-05
4.78396310019669e-05
5.65531257530338e-05
6.50752548367883e-05
7.33763092406470e-05
8.14273283880063e-05
8.92002024368566e-05
9.66677691347506e-05
1.03803910315281e-04
1.10583640939521e-04
1.16983199316911e-04
1.22980128061556e-04
1.28553354372792e-04
1.33683263135564e-04
1.38351766621247e-04
1.42542367786547e-04
1.46240218874993e-04
1.49432173365049e-04
1.52106834059973e-04
1.54254591754777e-04
1.55867661908449e-04
1.56940111180504e-04
1.57467879034812e-04
1.57448795099047e-04
1.56882585261364e-04
1.55770876094863e-04
1.54117188287728e-04
1.51926927263180e-04
1.49207364707582e-04
1.45967614853859e-04
1.42218603627953e-04
1.37973032350303e-04
1.33245333914012e-04
1.28051624985304e-04
1.22409649550903e-04
1.16338720178355e-04
1.09859649457533e-04
1.02994681304480e-04
9.57674127652908e-05
8.82027139361696e-05
8.03266414939330e-05
7.21663499962943e-05
6.37499972597766e-05
5.51066480642959e-05
4.62661730376013e-05
3.72591462287630e-05
2.81167384486025e-05
1.88706104431446e-05
9.55280215997334e-06
1.95622998688805e-07
-9.16846183685038e-06
-1.85069421689832e-05
-2.77873770357928e-05
-3.69775069390954e-05
-4.60453658224225e-05
-5.49593925320835e-05
-6.36885404929899e-05
-7.22023854162757e-05
-8.04712327617807e-05
-8.84662189957197e-05
-9.61594150883371e-05
-1.03523921428206e-04
-1.10533963053605e-04
-1.17164981036311e-04
-1.23393715698583e-04
-1.29198291331178e-04
-1.34558290170617e-04
-1.39454825985652e-04
-1.43870610397556e-04
-1.47790012871241e-04
-1.51199117544465e-04
-1.54085771230328e-04
-1.56439626810112e-04
-1.58252182259844e-04
-1.59516807483939e-04
-1.60228772987381e-04
-1.60385263654916e-04
-1.59985391771755e-04
-1.59030201178467e-04
-1.57522663618792e-04
-1.55467671332232e-04
-1.52872019677730e-04
-1.49744385053552e-04
-1.46095297361981e-04
-1.41937102071665e-04
-1.37283921159082e-04
-1.32151602871389e-04
-1.26557668492566e-04
-1.20521253762718e-04
-1.14063041474211e-04
-1.07205192199089e-04
-9.99712671312381e-05
-9.23861473154375e-05
-8.44759491123170e-05
-7.62679325543303e-05
-6.77904091279657e-05
-5.90726425446775e-05
-5.01447487462059e-05
-4.10375916679584e-05
-3.17826762028517e-05
-2.24120394491933e-05
-1.29581397381173e-05
-3.45374425236855e-06
6.06818479198523e-06
1.55746040597649e-05
2.50325043396060e-05
3.44090246109374e-05
4.36715667291310e-05
5.27879083520588e-05
6.17263153621650e-05
7.04556523025701e-05
7.89454907881293e-05
8.71662150885300e-05
9.50891267876841e-05
1.02686543431929e-04
1.09931896577820e-04
1.16799823633329e-04
1.23266257286758e-04
1.29308509965398e-04
1.34905352759063e-04
1.40037091007628e-04
1.44685632569974e-04
1.48834552007315e-04
1.52469149469425e-04
1.55576501054355e-04
1.58145506848228e-04
1.60166928083072e-04
1.61633422450791e-04
1.62539570300879e-04
1.62881893498223e-04
1.62658870337395e-04
1.61870940534214e-04
1.60520505275485e-04
1.58611921207807e-04
1.56151484471678e-04
1.53147412040866e-04
1.49609812687856e-04
1.45550653780191e-04
1.40983721545140e-04
1.35924572120416e-04
1.30390481494658e-04
1.24400384208911e-04
1.17974809406007e-04
1.11135811261320e-04
1.03906891839145e-04
9.63129217979031e-05
8.83800537003765e-05
8.01356325652591e-05
7.16081018428127e-05
6.28269045446217e-05
5.38223825401474e-05
4.46256710038284e-05
3.52685907483163e-05
2.57835390788941e-05
1.62033764947722e-05
6.56131368259594e-06
-3.10920413149063e-06
-1.27746128120165e-05
-2.24013458893779e-05
-3.19559512318435e-05
-4.14052071331383e-05
-5.07162377552106e-05
-5.98566277529855e-05
-6.87945348882835e-05
-7.74988005556310e-05
-8.59390597005572e-05
-9.40858449398618e-05
-1.01910690591289e-04
-1.09386232104214e-04
-1.16486301036112e-04
-1.23186017473742e-04
-1.29461876340997e-04
-1.35291830393847e-04
-1.40655367712128e-04
-1.45533583306268e-04
-1.49909246276891e-04
-1.53766860572446e-04
-1.57092718648499e-04
-1.59874952448291e-04
-1.62103573450700e-04
-1.63770510127392e-04
-1.64869635796983e-04
-1.65396791625305e-04
-1.65349802936809e-04
-1.64728486360843e-04
-1.63534653353281e-04
-1.61772103685287e-04
-1.59446614250491e-04
-1.56565920032214e-04
-1.53139688146453e-04
-1.49179486005124e-04
-1.44698741181060e-04
-1.39712696897831e-04
-1.34238360303129e-04
-1.28294443280552e-04
-1.21901299833027e-04
-1.15080855326966e-04
-1.07856532022055e-04
-1.00253168094255e-04
-9.22969327241674e-05
-8.40152355205959e-05
-7.54366325939060e-05
-6.65907275081423e-05
-5.75080698173025e-05
-4.82200486402462e-05
-3.87587850614324e-05
-2.91570204531411e-05
-1.94480037141176e-05
-9.66537503721554e-06
1.56949072405155e-07
9.98489514536516e-06
1.97843493499050e-05
2.95212770087261e-05
3.91618405188865e-05
4.86725166730650e-05
5.80202139079944e-05
6.71723866307872e-05
7.60971485753714e-05
8.47633855212138e-05
9.31408610078677e-05
1.01200324856165e-04
1.08913612560713e-04
1.16253745424899e-04
1.23195024849920e-04
1.29713121092223e-04
1.35785160704671e-04
1.41389804127812e-04
1.46507322455136e-04
1.51119667338051e-04
1.55210532165384e-04
1.58765412868078e-04
1.61771657001708e-04
1.64218508988512e-04
1.66097150826161e-04
1.67400729942813e-04
1.68124388513213e-04
1.68265277588731e-04
1.67822570299236e-04
1.66797466222057e-04
1.65193186613344e-04
1.63014966379826e-04
1.60270035791221e-04
1.56967595700053e-04
1.53118790270135e-04
1.48736664725924e-04
1.43836125612751e-04
1.38433886348821e-04
1.32548412499212e-04
1.26199858515363e-04
1.19409997569875e-04
1.12202148428331e-04
1.04601094075285e-04
9.66329966058943e-05
8.83253090546710e-05
7.97066775919397e-05
7.08068463879385e-05
6.16565514302003e-05
5.22874170330034e-05
4.27318455256120e-05
3.30229050038433e-05
2.31942154682585e-05
1.32798319394389e-05
3.31412619836158e-06
-6.66833100626540e-06
-1.66328915626179e-05
-2.65449492584668e-05
-3.63700601609951e-05
-4.60740626116452e-05
-5.56231954098353e-05
-6.49842159832770e-05
-7.41245151676950e-05
-8.30122321450188e-05
-9.16163640505285e-05
-9.99068752594034e-05
-1.07854801312923e-04
-1.15432351128320e-04
-1.22613002984995e-04
-1.29371598509120e-04
-1.35684429819038e-04
-1.41529323532730e-04
-1.46885717996925e-04
-1.51734735783116e-04
-1.56059250204121e-04
-1.59843946394789e-04
-1.63075374210120e-04
-1.65741997619318e-04
-1.67834234232611e-04
-1.69344491005585e-04
-1.70267190990447e-04
-1.70598794270838e-04
-1.70337811014942e-04
-1.69484808377085e-04
-1.68042408921210e-04
-1.66015284078114e-04
-1.63410136692299e-04
-1.60235681983423e-04
-1.56502615834775e-04
-1.52223580377253e-04
-1.47413120378914e-04
-1.42087634348975e-04
-1.36265318124273e-04
-1.29966103395773e-04
-1.23211588728189e-04
-1.16024966385631e-04
-1.08430941851978e-04
-1.00455649380216e-04
-9.21265624489465e-05
-8.34723978648810e-05
-7.45230184353574e-05
-6.53093285567508e-05
-5.58631683542643e-05
-4.62172029944696e-05
-3.64048107304171e-05
-2.64599659143272e-05
-1.64171231364918e-05
-6.31109610260694e-06
3.82306139457000e-06
1.39501782463469e-05
2.40350877156459e-05
3.40427490570505e-05
4.39383703536578e-05
5.36875283039251e-05
6.32562880849008e-05
7.26113230040681e-05
8.17200279499275e-05
9.05506358179764e-05
9.90723257672244e-05
1.07255332277845e-04
1.15071049195947e-04
1.22492128433294e-04
1.29492577313428e-04
1.36047848416254e-04
1.42134924972837e-04
1.47732404492729e-04
1.52820570319179e-04
1.57381464582329e-04
1.61398948357316e-04
1.64858760635767e-04
1.67748569165127e-04
1.70058012546548e-04
1.71778739570527e-04
1.72904437528487e-04
1.73430855642920e-04
1.73355822694177e-04
1.72679252704810e-04
1.71403149979099e-04
1.69531599651052e-04
1.67070756998733e-04
1.64028827808416e-04
1.60416038338163e-04
1.56244604106348e-04
1.51528685857549e-04
1.46284343072622e-04
1.40529479401685e-04
1.34283780267808e-04
1.27568647166676e-04
1.20407122815358e-04
1.12823812609797e-04
1.04844801275483e-04
9.64975604635931e-05
8.78108572384129e-05
7.88146524346445e-05
6.95399986301304e-05
6.00189327739642e-05
5.02843650225238e-05
4.03699656232881e-05
3.03100478329377e-05
2.01394493117846e-05
9.89341203938565e-06
-3.92540865368218e-07
-1.06827273354537e-05
-2.09414309350064e-05
-3.11330241804519e-05
-4.12220928874829e-05
-5.11735587604978e-05
-6.09528017747607e-05
-7.05257802713355e-05
-7.98591498194501e-05
-8.89203791598625e-05
-9.76778635777276e-05
-1.06101035482586e-04
-1.14160470712221e-04
-1.21827991323098e-04
-1.29076765066793e-04
-1.35881397320459e-04
-1.42218022489704e-04
-1.48064385860680e-04
-1.53399922466102e-04
-1.58205829884794e-04
-1.62465133299872e-04
-1.66162747037957e-04
-1.69285526459673e-04
-1.71822315458092e-04
-1.73763986723974e-04
-1.75103473387228e-04
-1.75835796090484e-04
-1.75958080369631e-04
-1.75469567531089e-04
-1.74371620346780e-04
-1.72667717208141e-04
-1.70363443177779e-04
-1.67466470171185e-04
-1.63986532217164e-04
-1.59935393366339e-04
-1.55326806611455e-04
-1.50176468783680e-04
-1.44501965725574e-04
-1.38322713007621e-04
-1.31659889933466e-04
-1.24536365803340e-04
-1.16976622957843e-04
-1.09006670903078e-04
-1.00653958241992e-04
-9.19472780331887e-05
-8.29166677007720e-05
-7.35933065119099e-05
-6.40094069570551e-05
-5.41981041264350e-05
-4.41933411465811e-05
-3.40297514043186e-05
-2.37425389837398e-05
-1.33673567459525e-05
-2.94018247082306e-06
7.50280540007253e-06
1.79253536325419e-05
2.82912599010032e-05
3.85644984621791e-05
4.87093455356913e-05
5.86905032262663e-05
6.84732225666451e-05
7.80234243755729e-05
8.73078179175479e-05
9.62940167514859e-05
1.04950652394464e-04
1.13247482666168e-04
1.21155498723269e-04
1.28647024649098e-04
1.35695816026349e-04
1.42277151049974e-04
1.48367917055303e-04
1.53946692206475e-04
1.58993820233100e-04
1.63491479658440e-04
1.67423747727824e-04
1.70776654960569e-04
1.73538236653670e-04
1.75698573814387e-04
1.77249829802051e-04
1.78186278765757e-04
1.78504325265116e-04
1.78202520023873e-04
1.77281564680776e-04
1.75744310514148e-04
1.73595751055799e-04
1.70843004021926e-04
1.67495289673081e-04
1.63563898281982e-04
1.59062153231471e-04
1.54005365406995e-04
1.48410781144026e-04
1.42297523519241e-04
1.35686527167556e-04
1.28600465366890e-04
1.21063674518140e-04
1.13102068384996e-04
1.04743050490463e-04
9.60154187544249e-05
8.69492667330274e-05
7.75758801463411e-05
6.79276281165819e-05
5.80378522707647e-05
4.79407506244200e-05
3.76712602037088e-05
2.72649351691356e-05
1.67578248961853e-05
6.18634761329062e-06
-4.41283426289019e-06
-1.50029424967890e-05
-2.55472100976206e-05
-3.60090091522380e-05
-4.63519780327104e-05
-5.65401478480609e-05
-6.65380670001881e-05
-7.63109260422112e-05
-8.58246765824688e-05
-9.50461526532109e-05
-1.03943183785482e-04
-1.12484708460592e-04
-1.20640883086942e-04
-1.28383185084679e-04
-1.35684513684176e-04
-1.42519284050735e-04
-1.48863516610476e-04
-1.54694923275578e-04
-1.59992982426083e-04
-1.64739014727466e-04
-1.68916245768536e-04
-1.72509867223170e-04
-1.75507089318572e-04
-1.77897185161591e-04
-1.79671530808889e-04
-1.80823634220673e-04
-1.81349160195854e-04
-1.81245947958431e-04
-1.80514016342226e-04
-1.79155568906797e-04
-1.77174983948092e-04
-1.74578802415226e-04
-1.71375706993437e-04
-1.67576490332166e-04
-1.63194022448687e-04
-1.58243203571384e-04
-1.52740915733585e-04
-1.46705965238247e-04
-1.40159016509100e-04
-1.33122523844620e-04
-1.25620652732028e-04
-1.17679196786624e-04
-1.09325490992185e-04
-1.00588314646100e-04
-9.14977954711294e-05
-8.20853027331259e-05
-7.23833409796981e-05
-6.24254373041144e-05
-5.22460250567125e-05
-4.18803253001976e-05
-3.13642248342405e-05
-2.07341511742065e-05
-1.00269481919657e-05
7.20253905184265e-07
1.14701650426596e-05
2.21854667425969e-05
3.28289400937098e-05
4.33635959424805e-05
5.37528028994316e-05
6.39604153112039e-05
7.39508982463555e-05
8.36894520932496e-05
9.31421329104509e-05
1.02275971202825e-04
1.11059087179566e-04
1.19460801322191e-04
1.27451741868789e-04
1.35003948058099e-04
1.42090966741115e-04
1.48687946531112e-04
1.54771723424041e-04
1.60320903311195e-04
1.65315936692334e-04
1.69739187219964e-04
1.73574995087300e-04
1.76809731150307e-04
1.79431845694022e-04
1.81431910366125e-04
1.82802651292668e-04
1.83538975710551e-04
1.83637990998520e-04
1.83099015090171e-04
1.81923581624721e-04
1.80115433804806e-04
1.77680514511391e-04
1.74626945140866e-04
1.70964999844869e-04
1.66707070344996e-04
1.61867624250855e-04
1.56463156034015e-04
1.50512130288938e-04
1.44034919214553e-04
1.37053733263226e-04
1.29592543745005e-04
1.21677002062892e-04
1.13334350025696e-04
1.04593327472813e-04
9.54840722657835e-05
8.60380171356923e-05
7.62877805255968e-05
6.62670547901811e-05
5.60104889295587e-05
4.55535695857989e-05
3.49324974848741e-05
2.41840629877643e-05
1.33455177993014e-05
2.45444685464946e-06
-8.45136323945894e-06
-1.93340538743314e-05
-3.01558273587688e-05
-4.08790766632805e-05
-5.14665171760242e-05
-6.18813160908616e-05
-7.20872200172806e-05
-8.20486823744915e-05
-9.17309852574988e-05
-1.01100362126516e-04
-1.10124115117571e-04
-1.18770728466444e-04
-1.27009979626891e-04
-1.34813043933590e-04
-1.42152595406841e-04
-1.49002903990336e-04
-1.55339923091802e-04
-1.61141376841201e-04
-1.66386835845245e-04
-1.71057790460338e-04
-1.75137716547979e-04
-1.78612131653821e-04
-1.81468649408600e-04
-1.83697021260087e-04
-1.85289173709968e-04
-1.86239239019059e-04
-1.86543573993170e-04
-1.86200776811418e-04
-1.85211690408416e-04
-1.83579402276202e-04
-1.81309235044225e-04
-1.78408727879109e-04
-1.74887613157537e-04
-1.70757782560926e-04
-1.66033246486563e-04
-1.60730089012517e-04
-1.54866410029264e-04
-1.48462266095883e-04
-1.41539599720630e-04
-1.34122165405870e-04
-1.26235448172807e-04
-1.17906575030968e-04
-1.09164222890534e-04
-1.00038518758616e-04
-9.05609361963045e-05
-8.07641874747134e-05
-7.06821094960119e-05
-6.03495478597171e-05
-4.98022356263395e-05
-3.90766703000089e-05
-2.82099874940878e-05
-1.72398318168399e-05
-6.20422711361535e-06
4.85855596699114e-06
1.59101322183552e-05
2.69121355100932e-05
3.78263515068422e-05
4.86148510522311e-05
5.92401215052663e-05
6.96651969884776e-05
7.98537882702455e-05
8.97704072235772e-05
9.93804921962660e-05
1.08650527392840e-04
1.17548160034842e-04
1.26042313928876e-04
1.34103296756116e-04
1.41702905397167e-04
1.48814523260543e-04
1.55413214117606e-04
1.61475810115053e-04
1.66980991742394e-04
1.71909364752199e-04
1.76243525980502e-04
1.79968126879648e-04
1.83069927707669e-04
1.85537843038874e-04
1.87362983465666e-04
1.88538685768957e-04
1.89060537948871e-04
1.88926396552214e-04
1.88136393397542e-04
1.86692938509925e-04
1.84600710896099e-04
1.81866644509032e-04
1.78499906116958e-04
1.74511862160553e-04
1.69916043528229e-04
1.64728097307609e-04
1.58965734454064e-04
1.52648669912381e-04
1.45798553841558e-04
1.38438899037752e-04
1.30594998850597e-04
1.22293840829180e-04
1.13564014708523e-04
1.04435612295894e-04
9.49401255816440e-05
8.51103366441563e-05
7.49802050368231e-05
6.45847510796216e-05
5.39599338509333e-05
4.31425276001818e-05
3.21699939096476e-05
2.10803521483172e-05
9.91204827904824e-06
-1.29617935407111e-06
-1.25054334052521e-05
-2.36767933436965e-05
-3.47714498776241e-05
-4.57508403304274e-05
-5.65767818940799e-05
-6.72116056161798e-05
-7.76182858963637e-05
-8.77605707945150e-05
-9.76031073456340e-05
-1.07111565267104e-04
-1.16252756413360e-04
-1.24994750823504e-04
-1.33306987738280e-04
-1.41160383341443e-04
-1.48527431241163e-04
-1.55382300128792e-04
-1.61700923266395e-04
-1.67461083062648e-04
-1.72642489982167e-04
-1.77226853121937e-04
-1.81197945309464e-04
-1.84541659839610e-04
-1.87246061205570e-04
-1.89301427392152e-04
-1.90700284678158e-04
-1.91437434887476e-04
-1.91509974539983e-04
-1.90917305790350e-04
-1.89661140677089e-04
-1.87745494816483e-04
-1.85176676655630e-04
-1.81963264108020e-04
-1.78116078544122e-04
-1.73648146883920e-04
-1.68574657939402e-04
-1.62912910594670e-04
-1.56682255105345e-04
-1.49904026398140e-04
-1.42601472051140e-04
-1.34799671202224e-04
-1.26525449800852e-04
-1.17807287077554e-04
-1.08675218645438e-04
-9.91607321054744e-05
-8.92966590670952e-05
-7.91170613583247e-05
-6.86571141441661e-05
-5.79529834165982e-05
-4.70417017615077e-05
-3.59610396190035e-05
-2.47493749316874e-05
-1.34455598863603e-05
-2.08878695717729e-06
9.28154843737872e-06
2.06259825290545e-05
3.19051225678990e-05
4.30797813666395e-05
5.41111148182338e-05
6.49607567950738e-05
7.55909520675502e-05
8.59646883930587e-05
9.60458246805906e-05
1.05799217214209e-04
1.15190842658208e-04
1.24187915703011e-04
1.32759004721095e-04
1.40874140650116e-04
1.48504921541281e-04
1.55624614216254e-04
1.62208243792872e-04
1.68232686259540e-04
1.73676745327977e-04
1.78521229396100e-04
1.82749019206341e-04
1.86345126801157e-04
1.89296750549683e-04
1.91593319172512e-04
1.93226529586976e-04
1.94190379116943e-04
1.94481183748874e-04
1.94097596261322e-04
1.93040608491124e-04
1.91313550398142e-04
1.88922081179266e-04
1.85874168260769e-04
1.82180062904935e-04
1.77852264359180e-04
1.72905477549112e-04
1.67356565312415e-04
1.61224487346012e-04
1.54530239384887e-04
1.47296777752104e-04
1.39548942819756e-04
1.31313373585740e-04
1.22618414942766e-04
1.13494021601879e-04
1.03971653446111e-04
9.40841676255744e-05
8.38657065178605e-05
7.33515770710014e-05
6.25781318990271e-05
5.15826408045150e-05
4.04031635428126e-05
2.90784182781501e-05
1.76476456852370e-05
6.15047534724411e-06
-5.37321386984146e-06
-1.68834304208332e-05
-2.83402099334751e-05
-3.97037533179656e-05
-5.09345655563820e-05
-6.19935924435211e-05
-7.28423572162740e-05
-8.34430931453412e-05
-9.37588765124175e-05
-1.03753753818658e-04
-1.13392868351880e-04
-1.22642580580035e-04
-1.31470586687499e-04
